3.00000e+02 
3.00027e+02 
3.00073e+02 
3.00157e+02 
3.00288e+02 
3.00466e+02 
3.00687e+02 
3.00941e+02 
3.01217e+02 
3.01503e+02 
3.01800e+02 
3.02503e+02 
3.04483e+02 
3.08246e+02 
3.13231e+02 
3.18118e+02 
3.21705e+02 
3.23507e+02 
3.23775e+02 
3.23172e+02 
3.22395e+02 
3.21958e+02 
3.22126e+02 
3.22951e+02 
3.24373e+02 
3.26351e+02 
3.29015e+02 
3.32894e+02 
3.39299e+02 
3.50939e+02 
3.70842e+02 
3.75086e+02 
3.65963e+02 
3.58017e+02 
3.50858e+02 
3.44446e+02 
3.38803e+02 
3.33972e+02 
3.29999e+02 
3.26935e+02 
3.24826e+02 
3.23697e+02 
3.23501e+02 
3.24054e+02 
3.24973e+02 
3.25647e+02 
3.25349e+02 
3.23508e+02 
3.20082e+02 
3.15731e+02 
3.11507e+02 
3.08178e+02 
3.05843e+02 
3.04235e+02 
3.03112e+02 
3.02277e+02 
3.01595e+02 
3.01019e+02 
3.00573e+02 
3.00268e+02 
3.00095e+02 
