0.00000e+00	0.00000e+00	8.88750e-01
0.00000e+00	1.50000e+00	6.97500e+00
0.00000e+00	4.50000e+00	1.29240e+01
0.00000e+00	7.50000e+00	2.00083e+01
0.00000e+00	1.05000e+01	2.69907e+01
0.00000e+00	1.35000e+01	3.35755e+01
0.00000e+00	1.65000e+01	3.96679e+01
0.00000e+00	1.95000e+01	4.52367e+01
0.00000e+00	2.25000e+01	5.02715e+01
0.00000e+00	2.55000e+01	5.47698e+01
0.00000e+00	2.85000e+01	5.87339e+01
0.00000e+00	3.15000e+01	6.21701e+01
0.00000e+00	3.45000e+01	6.50887e+01
0.00000e+00	3.75000e+01	6.75036e+01
0.00000e+00	4.05000e+01	6.94317e+01
0.00000e+00	4.35000e+01	7.08917e+01
0.00000e+00	4.65000e+01	7.19027e+01
0.00000e+00	4.95000e+01	7.24836e+01
0.00000e+00	5.25000e+01	7.26518e+01
0.00000e+00	5.55000e+01	7.24230e+01
0.00000e+00	5.85000e+01	7.18109e+01
0.00000e+00	6.15000e+01	7.08280e+01
0.00000e+00	6.45000e+01	6.94859e+01
0.00000e+00	6.75000e+01	6.77968e+01
0.00000e+00	7.05000e+01	6.57738e+01
0.00000e+00	7.35000e+01	6.34324e+01
0.00000e+00	7.65000e+01	6.07899e+01
0.00000e+00	7.95000e+01	5.78662e+01
0.00000e+00	8.25000e+01	5.46827e+01
0.00000e+00	8.55000e+01	5.12614e+01
0.00000e+00	8.85000e+01	4.76237e+01
0.00000e+00	9.15000e+01	4.37893e+01
0.00000e+00	9.45000e+01	3.97747e+01
0.00000e+00	9.75000e+01	3.55924e+01
0.00000e+00	1.00500e+02	3.12511e+01
0.00000e+00	1.03500e+02	2.67550e+01
0.00000e+00	1.06500e+02	2.21033e+01
0.00000e+00	1.09500e+02	1.72854e+01
0.00000e+00	1.12500e+02	1.22647e+01
0.00000e+00	1.15500e+02	6.92241e+00
0.00000e+00	1.18500e+02	1.81748e+00

2.00000e+00	0.00000e+00	2.40000e+01
2.00000e+00	1.50000e+00	4.80000e+01
2.00000e+00	4.50000e+00	4.83306e+01
2.00000e+00	7.50000e+00	5.14924e+01
2.00000e+00	1.05000e+01	5.53151e+01
2.00000e+00	1.35000e+01	5.91454e+01
2.00000e+00	1.65000e+01	6.26189e+01
2.00000e+00	1.95000e+01	6.55343e+01
2.00000e+00	2.25000e+01	6.77796e+01
2.00000e+00	2.55000e+01	6.92965e+01
2.00000e+00	2.85000e+01	7.00639e+01
2.00000e+00	3.15000e+01	7.00911e+01
2.00000e+00	3.45000e+01	6.94122e+01
2.00000e+00	3.75000e+01	6.80827e+01
2.00000e+00	4.05000e+01	6.61735e+01
2.00000e+00	4.35000e+01	6.37661e+01
2.00000e+00	4.65000e+01	6.09462e+01
2.00000e+00	4.95000e+01	5.77983e+01
2.00000e+00	5.25000e+01	5.44024e+01
2.00000e+00	5.55000e+01	5.08310e+01
2.00000e+00	5.85000e+01	4.71495e+01
2.00000e+00	6.15000e+01	4.34171e+01
2.00000e+00	6.45000e+01	3.96909e+01
2.00000e+00	6.75000e+01	3.60289e+01
2.00000e+00	7.05000e+01	3.24945e+01
2.00000e+00	7.35000e+01	2.91594e+01
2.00000e+00	7.65000e+01	2.61044e+01
2.00000e+00	7.95000e+01	2.34197e+01
2.00000e+00	8.25000e+01	2.12012e+01
2.00000e+00	8.55000e+01	1.95466e+01
2.00000e+00	8.85000e+01	1.85488e+01
2.00000e+00	9.15000e+01	1.82900e+01
2.00000e+00	9.45000e+01	1.88348e+01
2.00000e+00	9.75000e+01	2.02247e+01
2.00000e+00	1.00500e+02	2.24730e+01
2.00000e+00	1.03500e+02	2.55593e+01
2.00000e+00	1.06500e+02	2.94189e+01
2.00000e+00	1.09500e+02	3.39222e+01
2.00000e+00	1.12500e+02	3.88269e+01
2.00000e+00	1.15500e+02	4.36828e+01
2.00000e+00	1.18500e+02	2.36668e+01

6.00000e+00	0.00000e+00	1.12890e+01
6.00000e+00	1.50000e+00	4.81466e+01
6.00000e+00	4.50000e+00	5.62136e+01
6.00000e+00	7.50000e+00	6.02524e+01
6.00000e+00	1.05000e+01	6.34795e+01
6.00000e+00	1.35000e+01	6.64637e+01
6.00000e+00	1.65000e+01	6.91447e+01
6.00000e+00	1.95000e+01	7.13472e+01
6.00000e+00	2.25000e+01	7.29211e+01
6.00000e+00	2.55000e+01	7.37695e+01
6.00000e+00	2.85000e+01	7.38482e+01
6.00000e+00	3.15000e+01	7.31576e+01
6.00000e+00	3.45000e+01	7.17334e+01
6.00000e+00	3.75000e+01	6.96385e+01
6.00000e+00	4.05000e+01	6.69537e+01
6.00000e+00	4.35000e+01	6.37701e+01
6.00000e+00	4.65000e+01	6.01814e+01
6.00000e+00	4.95000e+01	5.62791e+01
6.00000e+00	5.25000e+01	5.21485e+01
6.00000e+00	5.55000e+01	4.78676e+01
6.00000e+00	5.85000e+01	4.35087e+01
6.00000e+00	6.15000e+01	3.91405e+01
6.00000e+00	6.45000e+01	3.48324e+01
6.00000e+00	6.75000e+01	3.06588e+01
6.00000e+00	7.05000e+01	2.67020e+01
6.00000e+00	7.35000e+01	2.30540e+01
6.00000e+00	7.65000e+01	1.98167e+01
6.00000e+00	7.95000e+01	1.70981e+01
6.00000e+00	8.25000e+01	1.50084e+01
6.00000e+00	8.55000e+01	1.36528e+01
6.00000e+00	8.85000e+01	1.31240e+01
6.00000e+00	9.15000e+01	1.34947e+01
6.00000e+00	9.45000e+01	1.48093e+01
6.00000e+00	9.75000e+01	1.70770e+01
6.00000e+00	1.00500e+02	2.02613e+01
6.00000e+00	1.03500e+02	2.42620e+01
6.00000e+00	1.06500e+02	2.88723e+01
6.00000e+00	1.09500e+02	3.36669e+01
6.00000e+00	1.12500e+02	3.76914e+01
6.00000e+00	1.15500e+02	3.77634e+01
6.00000e+00	1.18500e+02	5.30764e+00

1.00000e+01	0.00000e+00	1.21658e+01
1.00000e+01	1.50000e+00	5.14935e+01
1.00000e+01	4.50000e+00	6.08451e+01
1.00000e+01	7.50000e+00	6.58575e+01
1.00000e+01	1.05000e+01	6.94032e+01
1.00000e+01	1.35000e+01	7.21015e+01
1.00000e+01	1.65000e+01	7.41370e+01
1.00000e+01	1.95000e+01	7.55078e+01
1.00000e+01	2.25000e+01	7.61620e+01
1.00000e+01	2.55000e+01	7.60573e+01
1.00000e+01	2.85000e+01	7.51830e+01
1.00000e+01	3.15000e+01	7.35644e+01
1.00000e+01	3.45000e+01	7.12586e+01
1.00000e+01	3.75000e+01	6.83468e+01
1.00000e+01	4.05000e+01	6.49251e+01
1.00000e+01	4.35000e+01	6.10956e+01
1.00000e+01	4.65000e+01	5.69579e+01
1.00000e+01	4.95000e+01	5.26041e+01
1.00000e+01	5.25000e+01	4.81162e+01
1.00000e+01	5.55000e+01	4.35663e+01
1.00000e+01	5.85000e+01	3.90194e+01
1.00000e+01	6.15000e+01	3.45381e+01
1.00000e+01	6.45000e+01	3.01884e+01
1.00000e+01	6.75000e+01	2.60443e+01
1.00000e+01	7.05000e+01	2.21919e+01
1.00000e+01	7.35000e+01	1.87299e+01
1.00000e+01	7.65000e+01	1.57680e+01
1.00000e+01	7.95000e+01	1.34216e+01
1.00000e+01	8.25000e+01	1.18044e+01
1.00000e+01	8.55000e+01	1.10193e+01
1.00000e+01	8.85000e+01	1.11481e+01
1.00000e+01	9.15000e+01	1.22415e+01
1.00000e+01	9.45000e+01	1.43094e+01
1.00000e+01	9.75000e+01	1.73105e+01
1.00000e+01	1.00500e+02	2.11405e+01
1.00000e+01	1.03500e+02	2.56120e+01
1.00000e+01	1.06500e+02	3.04183e+01
1.00000e+01	1.09500e+02	3.50718e+01
1.00000e+01	1.12500e+02	3.88270e+01
1.00000e+01	1.15500e+02	3.92934e+01
1.00000e+01	1.18500e+02	4.68368e+00

1.40000e+01	0.00000e+00	1.35696e+01
1.40000e+01	1.50000e+00	5.63060e+01
1.40000e+01	4.50000e+00	6.49400e+01
1.40000e+01	7.50000e+00	7.02549e+01
1.40000e+01	1.05000e+01	7.40531e+01
1.40000e+01	1.35000e+01	7.66536e+01
1.40000e+01	1.65000e+01	7.82463e+01
1.40000e+01	1.95000e+01	7.89186e+01
1.40000e+01	2.25000e+01	7.87093e+01
1.40000e+01	2.55000e+01	7.76492e+01
1.40000e+01	2.85000e+01	7.57841e+01
1.40000e+01	3.15000e+01	7.31846e+01
1.40000e+01	3.45000e+01	6.99460e+01
1.40000e+01	3.75000e+01	6.61821e+01
1.40000e+01	4.05000e+01	6.20158e+01
1.40000e+01	4.35000e+01	5.75683e+01
1.40000e+01	4.65000e+01	5.29493e+01
1.40000e+01	4.95000e+01	4.82526e+01
1.40000e+01	5.25000e+01	4.35532e+01
1.40000e+01	5.55000e+01	3.89106e+01
1.40000e+01	5.85000e+01	3.43731e+01
1.40000e+01	6.15000e+01	2.99857e+01
1.40000e+01	6.45000e+01	2.57987e+01
1.40000e+01	6.75000e+01	2.18748e+01
1.40000e+01	7.05000e+01	1.82942e+01
1.40000e+01	7.35000e+01	1.51560e+01
1.40000e+01	7.65000e+01	1.25741e+01
1.40000e+01	7.95000e+01	1.06703e+01
1.40000e+01	8.25000e+01	9.56325e+00
1.40000e+01	8.55000e+01	9.35646e+00
1.40000e+01	8.85000e+01	1.01245e+01
1.40000e+01	9.15000e+01	1.19001e+01
1.40000e+01	9.45000e+01	1.46624e+01
1.40000e+01	9.75000e+01	1.83281e+01
1.40000e+01	1.00500e+02	2.27437e+01
1.40000e+01	1.03500e+02	2.76784e+01
1.40000e+01	1.06500e+02	3.28182e+01
1.40000e+01	1.09500e+02	3.77702e+01
1.40000e+01	1.12500e+02	4.21145e+01
1.40000e+01	1.15500e+02	4.43725e+01
1.40000e+01	1.18500e+02	6.11324e+00

1.80000e+01	0.00000e+00	1.50961e+01
1.80000e+01	1.50000e+00	6.16982e+01
1.80000e+01	4.50000e+00	6.93757e+01
1.80000e+01	7.50000e+00	7.45775e+01
1.80000e+01	1.05000e+01	7.83328e+01
1.80000e+01	1.35000e+01	8.07320e+01
1.80000e+01	1.65000e+01	8.18934e+01
1.80000e+01	1.95000e+01	8.19187e+01
1.80000e+01	2.25000e+01	8.08937e+01
1.80000e+01	2.55000e+01	7.89039e+01
1.80000e+01	2.85000e+01	7.60484e+01
1.80000e+01	3.15000e+01	7.24485e+01
1.80000e+01	3.45000e+01	6.82479e+01
1.80000e+01	3.75000e+01	6.36060e+01
1.80000e+01	4.05000e+01	5.86846e+01
1.80000e+01	4.35000e+01	5.36332e+01
1.80000e+01	4.65000e+01	4.85775e+01
1.80000e+01	4.95000e+01	4.36128e+01
1.80000e+01	5.25000e+01	3.88042e+01
1.80000e+01	5.55000e+01	3.41908e+01
1.80000e+01	5.85000e+01	2.97942e+01
1.80000e+01	6.15000e+01	2.56298e+01
1.80000e+01	6.45000e+01	2.17201e+01
1.80000e+01	6.75000e+01	1.81064e+01
1.80000e+01	7.05000e+01	1.48568e+01
1.80000e+01	7.35000e+01	1.20682e+01
1.80000e+01	7.65000e+01	9.86069e+00
1.80000e+01	7.95000e+01	8.36752e+00
1.80000e+01	8.25000e+01	7.72020e+00
1.80000e+01	8.55000e+01	8.03238e+00
1.80000e+01	8.85000e+01	9.38230e+00
1.80000e+01	9.15000e+01	1.17958e+01
1.80000e+01	9.45000e+01	1.52328e+01
1.80000e+01	9.75000e+01	1.95805e+01
1.80000e+01	1.00500e+02	2.46549e+01
1.80000e+01	1.03500e+02	3.02095e+01
1.80000e+01	1.06500e+02	3.59525e+01
1.80000e+01	1.09500e+02	4.15802e+01
1.80000e+01	1.12500e+02	4.68437e+01
1.80000e+01	1.15500e+02	5.08231e+01
1.80000e+01	1.18500e+02	8.05640e+00

2.20000e+01	0.00000e+00	1.66303e+01
2.20000e+01	1.50000e+00	6.73231e+01
2.20000e+01	4.50000e+00	7.43096e+01
2.20000e+01	7.50000e+00	7.92380e+01
2.20000e+01	1.05000e+01	8.27207e+01
2.20000e+01	1.35000e+01	8.47509e+01
2.20000e+01	1.65000e+01	8.53938e+01
2.20000e+01	1.95000e+01	8.47402e+01
2.20000e+01	2.25000e+01	8.28925e+01
2.20000e+01	2.55000e+01	7.99677e+01
2.20000e+01	2.85000e+01	7.61057e+01
2.20000e+01	3.15000e+01	7.14756e+01
2.20000e+01	3.45000e+01	6.62755e+01
2.20000e+01	3.75000e+01	6.07222e+01
2.20000e+01	4.05000e+01	5.50309e+01
2.20000e+01	4.35000e+01	4.93903e+01
2.20000e+01	4.65000e+01	4.39457e+01
2.20000e+01	4.95000e+01	3.87927e+01
2.20000e+01	5.25000e+01	3.39799e+01
2.20000e+01	5.55000e+01	2.95169e+01
2.20000e+01	5.85000e+01	2.53860e+01
2.20000e+01	6.15000e+01	2.15584e+01
2.20000e+01	6.45000e+01	1.80146e+01
2.20000e+01	6.75000e+01	1.47637e+01
2.20000e+01	7.05000e+01	1.18571e+01
2.20000e+01	7.35000e+01	9.39091e+00
2.20000e+01	7.65000e+01	7.49865e+00
2.20000e+01	7.95000e+01	6.33486e+00
2.20000e+01	8.25000e+01	6.05619e+00
2.20000e+01	8.55000e+01	6.80103e+00
2.20000e+01	8.85000e+01	8.66735e+00
2.20000e+01	9.15000e+01	1.16892e+01
2.20000e+01	9.45000e+01	1.58176e+01
2.20000e+01	9.75000e+01	2.09157e+01
2.20000e+01	1.00500e+02	2.67703e+01
2.20000e+01	1.03500e+02	3.31160e+01
2.20000e+01	1.06500e+02	3.96656e+01
2.20000e+01	1.09500e+02	4.61482e+01
2.20000e+01	1.12500e+02	5.23550e+01
2.20000e+01	1.15500e+02	5.76751e+01
2.20000e+01	1.18500e+02	9.97654e+00

2.60000e+01	0.00000e+00	1.81721e+01
2.60000e+01	1.50000e+00	7.31146e+01
2.60000e+01	4.50000e+00	7.96833e+01
2.60000e+01	7.50000e+00	8.42804e+01
2.60000e+01	1.05000e+01	8.73420e+01
2.60000e+01	1.35000e+01	8.88568e+01
2.60000e+01	1.65000e+01	8.88734e+01
2.60000e+01	1.95000e+01	8.74729e+01
2.60000e+01	2.25000e+01	8.47596e+01
2.60000e+01	2.55000e+01	8.08640e+01
2.60000e+01	2.85000e+01	7.59528e+01
2.60000e+01	3.15000e+01	7.02373e+01
2.60000e+01	3.45000e+01	6.39759e+01
2.60000e+01	3.75000e+01	5.74600e+01
2.60000e+01	4.05000e+01	5.09788e+01
2.60000e+01	4.35000e+01	4.47732e+01
2.60000e+01	4.65000e+01	3.90087e+01
2.60000e+01	4.95000e+01	3.37737e+01
2.60000e+01	5.25000e+01	2.90903e+01
2.60000e+01	5.55000e+01	2.49272e+01
2.60000e+01	5.85000e+01	2.12120e+01
2.60000e+01	6.15000e+01	1.78526e+01
2.60000e+01	6.45000e+01	1.47690e+01
2.60000e+01	6.75000e+01	1.19250e+01
2.60000e+01	7.05000e+01	9.35148e+00
2.60000e+01	7.35000e+01	7.15130e+00
2.60000e+01	7.65000e+01	5.48436e+00
2.60000e+01	7.95000e+01	4.54092e+00
2.60000e+01	8.25000e+01	4.51694e+00
2.60000e+01	8.55000e+01	5.59245e+00
2.60000e+01	8.85000e+01	7.90613e+00
2.60000e+01	9.15000e+01	1.15203e+01
2.60000e+01	9.45000e+01	1.63845e+01
2.60000e+01	9.75000e+01	2.23296e+01
2.60000e+01	1.00500e+02	2.90958e+01
2.60000e+01	1.03500e+02	3.63745e+01
2.60000e+01	1.06500e+02	4.38516e+01
2.60000e+01	1.09500e+02	5.12423e+01
2.60000e+01	1.12500e+02	5.83167e+01
2.60000e+01	1.15500e+02	6.46627e+01
2.60000e+01	1.18500e+02	1.17810e+01

3.00000e+01	0.00000e+00	1.97535e+01
3.00000e+01	1.50000e+00	7.91087e+01
3.00000e+01	4.50000e+00	8.53742e+01
3.00000e+01	7.50000e+00	8.95759e+01
3.00000e+01	1.05000e+01	9.21009e+01
3.00000e+01	1.35000e+01	9.29811e+01
3.00000e+01	1.65000e+01	9.22739e+01
3.00000e+01	1.95000e+01	9.00550e+01
3.00000e+01	2.25000e+01	8.64220e+01
3.00000e+01	2.55000e+01	8.15048e+01
3.00000e+01	2.85000e+01	7.54821e+01
3.00000e+01	3.15000e+01	6.85997e+01
3.00000e+01	3.45000e+01	6.11834e+01
3.00000e+01	3.75000e+01	5.36280e+01
3.00000e+01	4.05000e+01	4.63373e+01
3.00000e+01	4.35000e+01	3.96193e+01
3.00000e+01	4.65000e+01	3.36490e+01
3.00000e+01	4.95000e+01	2.84867e+01
3.00000e+01	5.25000e+01	2.41120e+01
3.00000e+01	5.55000e+01	2.04433e+01
3.00000e+01	5.85000e+01	1.73380e+01
3.00000e+01	6.15000e+01	1.46155e+01
3.00000e+01	6.45000e+01	1.21080e+01
3.00000e+01	6.75000e+01	9.71636e+00
3.00000e+01	7.05000e+01	7.45022e+00
3.00000e+01	7.35000e+01	5.43608e+00
3.00000e+01	7.65000e+01	3.88549e+00
3.00000e+01	7.95000e+01	3.04143e+00
3.00000e+01	8.25000e+01	3.14862e+00
3.00000e+01	8.55000e+01	4.44157e+00
3.00000e+01	8.85000e+01	7.12670e+00
3.00000e+01	9.15000e+01	1.13300e+01
3.00000e+01	9.45000e+01	1.70051e+01
3.00000e+01	9.75000e+01	2.39245e+01
3.00000e+01	1.00500e+02	3.17424e+01
3.00000e+01	1.03500e+02	4.00710e+01
3.00000e+01	1.06500e+02	4.85405e+01
3.00000e+01	1.09500e+02	5.68305e+01
3.00000e+01	1.12500e+02	6.46791e+01
3.00000e+01	1.15500e+02	7.18579e+01
3.00000e+01	1.18500e+02	1.35574e+01

3.40000e+01	0.00000e+00	2.14021e+01
3.40000e+01	1.50000e+00	8.53405e+01
3.40000e+01	4.50000e+00	9.12127e+01
3.40000e+01	7.50000e+00	9.48949e+01
3.40000e+01	1.05000e+01	9.67607e+01
3.40000e+01	1.35000e+01	9.68998e+01
3.40000e+01	1.65000e+01	9.53841e+01
3.40000e+01	1.95000e+01	9.22823e+01
3.40000e+01	2.25000e+01	8.76768e+01
3.40000e+01	2.55000e+01	8.16837e+01
3.40000e+01	2.85000e+01	7.44782e+01
3.40000e+01	3.15000e+01	6.63259e+01
3.40000e+01	3.45000e+01	5.76227e+01
3.40000e+01	3.75000e+01	4.89165e+01
3.40000e+01	4.05000e+01	4.08192e+01
3.40000e+01	4.35000e+01	3.37149e+01
3.40000e+01	4.65000e+01	2.77418e+01
3.40000e+01	4.95000e+01	2.28812e+01
3.40000e+01	5.25000e+01	1.90456e+01
3.40000e+01	5.55000e+01	1.61132e+01
3.40000e+01	5.85000e+01	1.38629e+01
3.40000e+01	6.15000e+01	1.19893e+01
3.40000e+01	6.45000e+01	1.01964e+01
3.40000e+01	6.75000e+01	8.29689e+00
3.40000e+01	7.05000e+01	6.28205e+00
3.40000e+01	7.35000e+01	4.34154e+00
3.40000e+01	7.65000e+01	2.79209e+00
3.40000e+01	7.95000e+01	1.94461e+00
3.40000e+01	8.25000e+01	2.08069e+00
3.40000e+01	8.55000e+01	3.47931e+00
3.40000e+01	8.85000e+01	6.44364e+00
3.40000e+01	9.15000e+01	1.12516e+01
3.40000e+01	9.45000e+01	1.78653e+01
3.40000e+01	9.75000e+01	2.59365e+01
3.40000e+01	1.00500e+02	3.49648e+01
3.40000e+01	1.03500e+02	4.44404e+01
3.40000e+01	1.06500e+02	5.39210e+01
3.40000e+01	1.09500e+02	6.30551e+01
3.40000e+01	1.12500e+02	7.15707e+01
3.40000e+01	1.15500e+02	7.94650e+01
3.40000e+01	1.18500e+02	1.54642e+01

3.80000e+01	0.00000e+00	2.31226e+01
3.80000e+01	1.50000e+00	9.17822e+01
3.80000e+01	4.50000e+00	9.69636e+01
3.80000e+01	7.50000e+00	9.99286e+01
3.80000e+01	1.05000e+01	1.00991e+02
3.80000e+01	1.35000e+01	1.00283e+02
3.80000e+01	1.65000e+01	9.78760e+01
3.80000e+01	1.95000e+01	9.38226e+01
3.80000e+01	2.25000e+01	8.81812e+01
3.80000e+01	2.55000e+01	8.10469e+01
3.80000e+01	2.85000e+01	7.25793e+01
3.80000e+01	3.15000e+01	6.30410e+01
3.80000e+01	3.45000e+01	5.28757e+01
3.80000e+01	3.75000e+01	4.28510e+01
3.80000e+01	4.05000e+01	3.40431e+01
3.80000e+01	4.35000e+01	2.68574e+01
3.80000e+01	4.65000e+01	2.12563e+01
3.80000e+01	4.95000e+01	1.70342e+01
3.80000e+01	5.25000e+01	1.39949e+01
3.80000e+01	5.55000e+01	1.20615e+01
3.80000e+01	5.85000e+01	1.09482e+01
3.80000e+01	6.15000e+01	1.01636e+01
3.80000e+01	6.45000e+01	9.22276e+00
3.80000e+01	6.75000e+01	7.81613e+00
3.80000e+01	7.05000e+01	5.92216e+00
3.80000e+01	7.35000e+01	3.87925e+00
3.80000e+01	7.65000e+01	2.23830e+00
3.80000e+01	7.95000e+01	1.37296e+00
3.80000e+01	8.25000e+01	1.53997e+00
3.80000e+01	8.55000e+01	2.98602e+00
3.80000e+01	8.85000e+01	6.09200e+00
3.80000e+01	9.15000e+01	1.15551e+01
3.80000e+01	9.45000e+01	1.93310e+01
3.80000e+01	9.75000e+01	2.88041e+01
3.80000e+01	1.00500e+02	3.92106e+01
3.80000e+01	1.03500e+02	4.98816e+01
3.80000e+01	1.06500e+02	6.03157e+01
3.80000e+01	1.09500e+02	7.01653e+01
3.80000e+01	1.12500e+02	7.91936e+01
3.80000e+01	1.15500e+02	8.76964e+01
3.80000e+01	1.18500e+02	1.76822e+01

4.20000e+01	0.00000e+00	2.48857e+01
4.20000e+01	1.50000e+00	9.83023e+01
4.20000e+01	4.50000e+00	1.02322e+02
4.20000e+01	7.50000e+00	1.04320e+02
4.20000e+01	1.05000e+01	1.04422e+02
4.20000e+01	1.35000e+01	1.02753e+02
4.20000e+01	1.65000e+01	9.93555e+01
4.20000e+01	1.95000e+01	9.42412e+01
4.20000e+01	2.25000e+01	8.74374e+01
4.20000e+01	2.55000e+01	7.90228e+01
4.20000e+01	2.85000e+01	6.91585e+01
4.20000e+01	3.15000e+01	5.81026e+01
4.20000e+01	3.45000e+01	4.62697e+01
4.20000e+01	3.75000e+01	3.46678e+01
4.20000e+01	4.05000e+01	2.55735e+01
4.20000e+01	4.35000e+01	1.90022e+01
4.20000e+01	4.65000e+01	1.44397e+01
4.20000e+01	4.95000e+01	1.13477e+01
4.20000e+01	5.25000e+01	9.30423e+00
4.20000e+01	5.55000e+01	8.57320e+00
4.20000e+01	5.85000e+01	8.86594e+00
4.20000e+01	6.15000e+01	9.36858e+00
4.20000e+01	6.45000e+01	9.33245e+00
4.20000e+01	6.75000e+01	8.30558e+00
4.20000e+01	7.05000e+01	6.23781e+00
4.20000e+01	7.35000e+01	3.79183e+00
4.20000e+01	7.65000e+01	2.06561e+00
4.20000e+01	7.95000e+01	1.38002e+00
4.20000e+01	8.25000e+01	1.85964e+00
4.20000e+01	8.55000e+01	3.55348e+00
4.20000e+01	8.85000e+01	6.55556e+00
4.20000e+01	9.15000e+01	1.27997e+01
4.20000e+01	9.45000e+01	2.21113e+01
4.20000e+01	9.75000e+01	3.32822e+01
4.20000e+01	1.00500e+02	4.51564e+01
4.20000e+01	1.03500e+02	5.69260e+01
4.20000e+01	1.06500e+02	6.81009e+01
4.20000e+01	1.09500e+02	7.84082e+01
4.20000e+01	1.12500e+02	8.77048e+01
4.20000e+01	1.15500e+02	9.66591e+01
4.20000e+01	1.18500e+02	2.03689e+01

4.60000e+01	0.00000e+00	2.66194e+01
4.60000e+01	1.50000e+00	1.04644e+02
4.60000e+01	4.50000e+00	1.06953e+02
4.60000e+01	7.50000e+00	1.07735e+02
4.60000e+01	1.05000e+01	1.06734e+02
4.60000e+01	1.35000e+01	1.03989e+02
4.60000e+01	1.65000e+01	9.94590e+01
4.60000e+01	1.95000e+01	9.30817e+01
4.60000e+01	2.25000e+01	8.48221e+01
4.60000e+01	2.55000e+01	7.47374e+01
4.60000e+01	2.85000e+01	6.30515e+01
4.60000e+01	3.15000e+01	5.01515e+01
4.60000e+01	3.45000e+01	3.63600e+01
4.60000e+01	3.75000e+01	2.31801e+01
4.60000e+01	4.05000e+01	1.52784e+01
4.60000e+01	4.35000e+01	1.06288e+01
4.60000e+01	4.65000e+01	8.04864e+00
4.60000e+01	4.95000e+01	6.82418e+00
4.60000e+01	5.25000e+01	5.88445e+00
4.60000e+01	5.55000e+01	6.29453e+00
4.60000e+01	5.85000e+01	8.11588e+00
4.60000e+01	6.15000e+01	9.83440e+00
4.60000e+01	6.45000e+01	1.04215e+01
4.60000e+01	6.75000e+01	9.38769e+00
4.60000e+01	7.05000e+01	6.50875e+00
4.60000e+01	7.35000e+01	3.29724e+00
4.60000e+01	7.65000e+01	1.79292e+00
4.60000e+01	7.95000e+01	1.73530e+00
4.60000e+01	8.25000e+01	3.21700e+00
4.60000e+01	8.55000e+01	6.31719e+00
4.60000e+01	8.85000e+01	9.17771e+00
4.60000e+01	9.15000e+01	1.63306e+01
4.60000e+01	9.45000e+01	2.75862e+01
4.60000e+01	9.75000e+01	4.05472e+01
4.60000e+01	1.00500e+02	5.36420e+01
4.60000e+01	1.03500e+02	6.60812e+01
4.60000e+01	1.06500e+02	7.75233e+01
4.60000e+01	1.09500e+02	8.78520e+01
4.60000e+01	1.12500e+02	9.70608e+01
4.60000e+01	1.15500e+02	1.06221e+02
4.60000e+01	1.18500e+02	2.35851e+01

5.00000e+01	0.00000e+00	2.82111e+01
5.00000e+01	1.50000e+00	1.10433e+02
5.00000e+01	4.50000e+00	1.10576e+02
5.00000e+01	7.50000e+00	1.09976e+02
5.00000e+01	1.05000e+01	1.07782e+02
5.00000e+01	1.35000e+01	1.03858e+02
5.00000e+01	1.65000e+01	9.80221e+01
5.00000e+01	1.95000e+01	9.00786e+01
5.00000e+01	2.25000e+01	7.98381e+01
5.00000e+01	2.55000e+01	6.71916e+01
5.00000e+01	2.85000e+01	5.23290e+01
5.00000e+01	3.15000e+01	3.59563e+01
5.00000e+01	3.45000e+01	1.68647e+01
5.00000e+01	3.75000e+01	8.76478e+00
5.00000e+01	4.05000e+01	5.08961e+00
5.00000e+01	4.35000e+01	3.44994e+00
5.00000e+01	4.65000e+01	3.13015e+00
5.00000e+01	4.95000e+01	4.52608e+00
5.00000e+01	5.25000e+01	6.83402e+00
5.00000e+01	5.55000e+01	6.77304e+00
5.00000e+01	5.85000e+01	9.67761e+00
5.00000e+01	6.15000e+01	1.16736e+01
5.00000e+01	6.45000e+01	1.16141e+01
5.00000e+01	6.75000e+01	9.48812e+00
5.00000e+01	7.05000e+01	3.80345e+00
5.00000e+01	7.35000e+01	1.63697e+00
5.00000e+01	7.65000e+01	1.02630e+00
5.00000e+01	7.95000e+01	1.57754e+00
5.00000e+01	8.25000e+01	3.99591e+00
5.00000e+01	8.55000e+01	1.09699e+01
5.00000e+01	8.85000e+01	2.09393e+01
5.00000e+01	9.15000e+01	2.54963e+01
5.00000e+01	9.45000e+01	3.80058e+01
5.00000e+01	9.75000e+01	5.18939e+01
5.00000e+01	1.00500e+02	6.52112e+01
5.00000e+01	1.03500e+02	7.74013e+01
5.00000e+01	1.06500e+02	8.83609e+01
5.00000e+01	1.09500e+02	9.81389e+01
5.00000e+01	1.12500e+02	1.06840e+02
5.00000e+01	1.15500e+02	1.15874e+02
5.00000e+01	1.18500e+02	2.72014e+01

5.40000e+01	0.00000e+00	2.95256e+01
5.40000e+01	1.50000e+00	1.15250e+02
5.40000e+01	4.50000e+00	1.13079e+02
5.40000e+01	7.50000e+00	1.11103e+02
5.40000e+01	1.05000e+01	1.07723e+02
5.40000e+01	1.35000e+01	1.02561e+02
5.40000e+01	1.65000e+01	9.52682e+01
5.40000e+01	1.95000e+01	8.54985e+01
5.40000e+01	2.25000e+01	7.28100e+01
5.40000e+01	2.55000e+01	5.65745e+01
5.40000e+01	2.85000e+01	3.63081e+01
5.40000e+01	3.15000e+01	1.48364e+01
5.40000e+01	3.45000e+01	3.36679e-22
5.40000e+01	3.75000e+01	1.29975e-22
5.40000e+01	4.05000e+01	1.34560e-22
5.40000e+01	4.35000e+01	1.38650e-22
5.40000e+01	4.65000e+01	1.78900e-22
5.40000e+01	4.95000e+01	2.67761e+00
5.40000e+01	5.25000e+01	9.06709e+00
5.40000e+01	5.55000e+01	1.21631e+01
5.40000e+01	5.85000e+01	1.47838e+01
5.40000e+01	6.15000e+01	1.46045e+01
5.40000e+01	6.45000e+01	1.07237e+01
5.40000e+01	6.75000e+01	5.10532e+00
5.40000e+01	7.05000e+01	1.23076e-22
5.40000e+01	7.35000e+01	1.04731e-22
5.40000e+01	7.65000e+01	1.49190e-22
5.40000e+01	7.95000e+01	2.02481e-22
5.40000e+01	8.25000e+01	4.12855e-22
5.40000e+01	8.55000e+01	8.47069e+00
5.40000e+01	8.85000e+01	2.79658e+01
5.40000e+01	9.15000e+01	4.02147e+01
5.40000e+01	9.45000e+01	5.36216e+01
5.40000e+01	9.75000e+01	6.67331e+01
5.40000e+01	1.00500e+02	7.88357e+01
5.40000e+01	1.03500e+02	8.97445e+01
5.40000e+01	1.06500e+02	9.95133e+01
5.40000e+01	1.09500e+02	1.08265e+02
5.40000e+01	1.12500e+02	1.16129e+02
5.40000e+01	1.15500e+02	1.24689e+02
5.40000e+01	1.18500e+02	3.08320e+01

5.80000e+01	0.00000e+00	3.04437e+01
5.80000e+01	1.50000e+00	1.18749e+02
5.80000e+01	4.50000e+00	1.14614e+02
5.80000e+01	7.50000e+00	1.11515e+02
5.80000e+01	1.05000e+01	1.07082e+02
5.80000e+01	1.35000e+01	1.00665e+02
5.80000e+01	1.65000e+01	9.18006e+01
5.80000e+01	1.95000e+01	8.01236e+01
5.80000e+01	2.25000e+01	6.51608e+01
5.80000e+01	2.55000e+01	4.57670e+01
5.80000e+01	2.85000e+01	1.81349e+01
5.80000e+01	3.15000e+01	3.84511e-22
5.80000e+01	3.45000e+01	1.76831e-22
5.80000e+01	3.75000e+01	2.05271e-22
5.80000e+01	4.05000e+01	1.89130e-22
5.80000e+01	4.35000e+01	1.80745e-22
5.80000e+01	4.65000e+01	1.89231e-22
5.80000e+01	4.95000e+01	3.64834e-22
5.80000e+01	5.25000e+01	7.21003e+00
5.80000e+01	5.55000e+01	1.73822e+01
5.80000e+01	5.85000e+01	2.02005e+01
5.80000e+01	6.15000e+01	1.75697e+01
5.80000e+01	6.45000e+01	7.58147e+00
5.80000e+01	6.75000e+01	2.85937e-22
5.80000e+01	7.05000e+01	1.20611e-22
5.80000e+01	7.35000e+01	1.27987e-22
5.80000e+01	7.65000e+01	1.39602e-22
5.80000e+01	7.95000e+01	1.44197e-22
5.80000e+01	8.25000e+01	1.21383e-22
5.80000e+01	8.55000e+01	5.86760e-22
5.80000e+01	8.85000e+01	1.74843e+01
5.80000e+01	9.15000e+01	4.64817e+01
5.80000e+01	9.45000e+01	6.53220e+01
5.80000e+01	9.75000e+01	7.94424e+01
5.80000e+01	1.00500e+02	9.08379e+01
5.80000e+01	1.03500e+02	1.00497e+02
5.80000e+01	1.06500e+02	1.08993e+02
5.80000e+01	1.09500e+02	1.16649e+02
5.80000e+01	1.12500e+02	1.23621e+02
5.80000e+01	1.15500e+02	1.31450e+02
5.80000e+01	1.18500e+02	3.38635e+01

6.20000e+01	0.00000e+00	3.09118e+01
6.20000e+01	1.50000e+00	1.20823e+02
6.20000e+01	4.50000e+00	1.15676e+02
6.20000e+01	7.50000e+00	1.12011e+02
6.20000e+01	1.05000e+01	1.06786e+02
6.20000e+01	1.35000e+01	9.90889e+01
6.20000e+01	1.65000e+01	8.84017e+01
6.20000e+01	1.95000e+01	7.44497e+01
6.20000e+01	2.25000e+01	5.70283e+01
6.20000e+01	2.55000e+01	3.59689e+01
6.20000e+01	2.85000e+01	1.18677e+01
6.20000e+01	3.15000e+01	-4.51742e-22
6.20000e+01	3.45000e+01	4.52911e-22
6.20000e+01	3.75000e+01	3.59826e-22
6.20000e+01	4.05000e+01	2.29916e-22
6.20000e+01	4.35000e+01	1.92842e-22
6.20000e+01	4.65000e+01	1.78215e-22
6.20000e+01	4.95000e+01	2.66434e-22
6.20000e+01	5.25000e+01	6.97411e+00
6.20000e+01	5.55000e+01	1.73884e+01
6.20000e+01	5.85000e+01	2.14745e+01
6.20000e+01	6.15000e+01	1.80942e+01
6.20000e+01	6.45000e+01	7.33610e+00
6.20000e+01	6.75000e+01	9.87687e-23
6.20000e+01	7.05000e+01	1.35723e-22
6.20000e+01	7.35000e+01	1.43708e-22
6.20000e+01	7.65000e+01	1.42498e-22
6.20000e+01	7.95000e+01	1.34632e-22
6.20000e+01	8.25000e+01	8.55611e-23
6.20000e+01	8.55000e+01	2.51246e-22
6.20000e+01	8.85000e+01	1.51133e+01
6.20000e+01	9.15000e+01	4.89755e+01
6.20000e+01	9.45000e+01	7.21858e+01
6.20000e+01	9.75000e+01	8.76863e+01
6.20000e+01	1.00500e+02	9.87320e+01
6.20000e+01	1.03500e+02	1.07400e+02
6.20000e+01	1.06500e+02	1.14854e+02
6.20000e+01	1.09500e+02	1.21656e+02
6.20000e+01	1.12500e+02	1.27955e+02
6.20000e+01	1.15500e+02	1.34975e+02
6.20000e+01	1.18500e+02	3.55740e+01

6.60000e+01	0.00000e+00	3.09826e+01
6.60000e+01	1.50000e+00	1.21734e+02
6.60000e+01	4.50000e+00	1.17203e+02
6.60000e+01	7.50000e+00	1.13826e+02
6.60000e+01	1.05000e+01	1.08181e+02
6.60000e+01	1.35000e+01	9.92210e+01
6.60000e+01	1.65000e+01	8.65989e+01
6.60000e+01	1.95000e+01	7.04127e+01
6.60000e+01	2.25000e+01	5.09417e+01
6.60000e+01	2.55000e+01	2.85445e+01
6.60000e+01	2.85000e+01	4.36076e+00
6.60000e+01	3.15000e+01	-6.08412e+00
6.60000e+01	3.45000e+01	5.57825e-23
6.60000e+01	3.75000e+01	5.79870e-22
6.60000e+01	4.05000e+01	1.05657e-22
6.60000e+01	4.35000e+01	1.65038e-22
6.60000e+01	4.65000e+01	1.67692e-22
6.60000e+01	4.95000e+01	1.35576e-22
6.60000e+01	5.25000e+01	7.05462e+00
6.60000e+01	5.55000e+01	2.08538e+01
6.60000e+01	5.85000e+01	2.42234e+01
6.60000e+01	6.15000e+01	1.92384e+01
6.60000e+01	6.45000e+01	7.40855e+00
6.60000e+01	6.75000e+01	-2.67553e-22
6.60000e+01	7.05000e+01	3.84362e-22
6.60000e+01	7.35000e+01	1.75776e-22
6.60000e+01	7.65000e+01	1.57228e-22
6.60000e+01	7.95000e+01	1.98318e-22
6.60000e+01	8.25000e+01	6.41373e-23
6.60000e+01	8.55000e+01	1.06269e-21
6.60000e+01	8.85000e+01	2.11897e+01
6.60000e+01	9.15000e+01	5.85690e+01
6.60000e+01	9.45000e+01	7.93849e+01
6.60000e+01	9.75000e+01	9.26010e+01
6.60000e+01	1.00500e+02	1.01873e+02
6.60000e+01	1.03500e+02	1.09188e+02
6.60000e+01	1.06500e+02	1.15713e+02
6.60000e+01	1.09500e+02	1.22000e+02
6.60000e+01	1.12500e+02	1.28042e+02
6.60000e+01	1.15500e+02	1.34418e+02
6.60000e+01	1.18500e+02	3.52410e+01

7.00000e+01	0.00000e+00	3.08457e+01
7.00000e+01	1.50000e+00	1.22191e+02
7.00000e+01	4.50000e+00	1.20624e+02
7.00000e+01	7.50000e+00	1.18499e+02
7.00000e+01	1.05000e+01	1.12640e+02
7.00000e+01	1.35000e+01	1.02137e+02
7.00000e+01	1.65000e+01	8.71351e+01
7.00000e+01	1.95000e+01	6.84593e+01
7.00000e+01	2.25000e+01	4.71431e+01
7.00000e+01	2.55000e+01	2.36753e+01
7.00000e+01	2.85000e+01	-3.61972e+00
7.00000e+01	3.15000e+01	-1.75264e+01
7.00000e+01	3.45000e+01	-9.16088e+00
7.00000e+01	3.75000e+01	-4.03160e+00
7.00000e+01	4.05000e+01	-4.36725e-22
7.00000e+01	4.35000e+01	2.38084e-22
7.00000e+01	4.65000e+01	4.59687e-22
7.00000e+01	4.95000e+01	1.51277e+00
7.00000e+01	5.25000e+01	1.13329e+01
7.00000e+01	5.55000e+01	2.56831e+01
7.00000e+01	5.85000e+01	2.62292e+01
7.00000e+01	6.15000e+01	1.86810e+01
7.00000e+01	6.45000e+01	4.96434e+00
7.00000e+01	6.75000e+01	-3.54199e+00
7.00000e+01	7.05000e+01	-1.36741e+00
7.00000e+01	7.35000e+01	1.56621e-23
7.00000e+01	7.65000e+01	6.59332e-23
7.00000e+01	7.95000e+01	7.04195e-22
7.00000e+01	8.25000e+01	4.00073e+00
7.00000e+01	8.55000e+01	1.55616e+01
7.00000e+01	8.85000e+01	3.96902e+01
7.00000e+01	9.15000e+01	6.36077e+01
7.00000e+01	9.45000e+01	8.02388e+01
7.00000e+01	9.75000e+01	9.11867e+01
7.00000e+01	1.00500e+02	9.87837e+01
7.00000e+01	1.03500e+02	1.04872e+02
7.00000e+01	1.06500e+02	1.10714e+02
7.00000e+01	1.09500e+02	1.16926e+02
7.00000e+01	1.12500e+02	1.23301e+02
7.00000e+01	1.15500e+02	1.29506e+02
7.00000e+01	1.18500e+02	3.22104e+01

7.40000e+01	0.00000e+00	3.08772e+01
7.40000e+01	1.50000e+00	1.23463e+02
7.40000e+01	4.50000e+00	1.27719e+02
7.40000e+01	7.50000e+00	1.27525e+02
7.40000e+01	1.05000e+01	1.21104e+02
7.40000e+01	1.35000e+01	1.08122e+02
7.40000e+01	1.65000e+01	8.95197e+01
7.40000e+01	1.95000e+01	6.71370e+01
7.40000e+01	2.25000e+01	4.31747e+01
7.40000e+01	2.55000e+01	1.92388e+01
7.40000e+01	2.85000e+01	-3.35929e+00
7.40000e+01	3.15000e+01	-2.07323e+01
7.40000e+01	3.45000e+01	-2.45826e+01
7.40000e+01	3.75000e+01	-1.73464e+01
7.40000e+01	4.05000e+01	-1.06825e+01
7.40000e+01	4.35000e+01	-5.55469e+00
7.40000e+01	4.65000e+01	-1.02484e+00
7.40000e+01	4.95000e+01	6.69884e+00
7.40000e+01	5.25000e+01	1.78220e+01
7.40000e+01	5.55000e+01	2.42137e+01
7.40000e+01	5.85000e+01	2.31879e+01
7.40000e+01	6.15000e+01	1.58648e+01
7.40000e+01	6.45000e+01	2.20929e+00
7.40000e+01	6.75000e+01	-6.97116e+00
7.40000e+01	7.05000e+01	-3.95961e+00
7.40000e+01	7.35000e+01	-6.97729e-01
7.40000e+01	7.65000e+01	3.15189e+00
7.40000e+01	7.95000e+01	8.33210e+00
7.40000e+01	8.25000e+01	2.09540e+01
7.40000e+01	8.55000e+01	3.95463e+01
7.40000e+01	8.85000e+01	5.48853e+01
7.40000e+01	9.15000e+01	6.83342e+01
7.40000e+01	9.45000e+01	7.83981e+01
7.40000e+01	9.75000e+01	8.53878e+01
7.40000e+01	1.00500e+02	9.04654e+01
7.40000e+01	1.03500e+02	9.49470e+01
7.40000e+01	1.06500e+02	1.00039e+02
7.40000e+01	1.09500e+02	1.06553e+02
7.40000e+01	1.12500e+02	1.13987e+02
7.40000e+01	1.15500e+02	1.20891e+02
7.40000e+01	1.18500e+02	2.60623e+01

7.80000e+01	0.00000e+00	3.16975e+01
7.80000e+01	1.50000e+00	1.27461e+02
7.80000e+01	4.50000e+00	1.40000e+02
7.80000e+01	7.50000e+00	1.41528e+02
7.80000e+01	1.05000e+01	1.33373e+02
7.80000e+01	1.35000e+01	1.16416e+02
7.80000e+01	1.65000e+01	9.26234e+01
7.80000e+01	1.95000e+01	6.52170e+01
7.80000e+01	2.25000e+01	3.83786e+01
7.80000e+01	2.55000e+01	1.43745e+01
7.80000e+01	2.85000e+01	-5.47866e+00
7.80000e+01	3.15000e+01	-1.94200e+01
7.80000e+01	3.45000e+01	-2.51698e+01
7.80000e+01	3.75000e+01	-2.68405e+01
7.80000e+01	4.05000e+01	-2.45424e+01
7.80000e+01	4.35000e+01	-1.21307e+01
7.80000e+01	4.65000e+01	2.81362e-01
7.80000e+01	4.95000e+01	9.53542e+00
7.80000e+01	5.25000e+01	1.66923e+01
7.80000e+01	5.55000e+01	1.93737e+01
7.80000e+01	5.85000e+01	1.72510e+01
7.80000e+01	6.15000e+01	1.11814e+01
7.80000e+01	6.45000e+01	2.83002e+00
7.80000e+01	6.75000e+01	-2.96527e+00
7.80000e+01	7.05000e+01	-3.98847e+00
7.80000e+01	7.35000e+01	-1.17954e+00
7.80000e+01	7.65000e+01	1.12663e+01
7.80000e+01	7.95000e+01	2.74491e+01
7.80000e+01	8.25000e+01	3.96089e+01
7.80000e+01	8.55000e+01	5.20105e+01
7.80000e+01	8.85000e+01	6.14802e+01
7.80000e+01	9.15000e+01	6.80257e+01
7.80000e+01	9.45000e+01	7.24608e+01
7.80000e+01	9.75000e+01	7.55277e+01
7.80000e+01	1.00500e+02	7.79928e+01
7.80000e+01	1.03500e+02	8.07125e+01
7.80000e+01	1.06500e+02	8.48339e+01
7.80000e+01	1.09500e+02	9.21329e+01
7.80000e+01	1.12500e+02	1.01722e+02
7.80000e+01	1.15500e+02	1.10847e+02
7.80000e+01	1.18500e+02	1.71330e+01

8.20000e+01	0.00000e+00	3.41612e+01
8.20000e+01	1.50000e+00	1.36580e+02
8.20000e+01	4.50000e+00	1.57270e+02
8.20000e+01	7.50000e+00	1.58599e+02
8.20000e+01	1.05000e+01	1.46595e+02
8.20000e+01	1.35000e+01	1.23904e+02
8.20000e+01	1.65000e+01	9.32679e+01
8.20000e+01	1.95000e+01	5.94369e+01
8.20000e+01	2.25000e+01	3.06345e+01
8.20000e+01	2.55000e+01	8.13932e+00
8.20000e+01	2.85000e+01	-8.38340e+00
8.20000e+01	3.15000e+01	-1.92839e+01
8.20000e+01	3.45000e+01	-2.48741e+01
8.20000e+01	3.75000e+01	-2.46367e+01
8.20000e+01	4.05000e+01	-1.86584e+01
8.20000e+01	4.35000e+01	-7.16705e+00
8.20000e+01	4.65000e+01	4.39093e+00
8.20000e+01	4.95000e+01	1.23347e+01
8.20000e+01	5.25000e+01	1.56867e+01
8.20000e+01	5.55000e+01	1.48963e+01
8.20000e+01	5.85000e+01	1.19219e+01
8.20000e+01	6.15000e+01	7.56406e+00
8.20000e+01	6.45000e+01	3.00369e+00
8.20000e+01	6.75000e+01	2.48743e-01
8.20000e+01	7.05000e+01	6.67501e-01
8.20000e+01	7.35000e+01	6.48497e+00
8.20000e+01	7.65000e+01	1.93935e+01
8.20000e+01	7.95000e+01	3.49308e+01
8.20000e+01	8.25000e+01	4.76550e+01
8.20000e+01	8.55000e+01	5.67420e+01
8.20000e+01	8.85000e+01	6.10922e+01
8.20000e+01	9.15000e+01	6.14801e+01
8.20000e+01	9.45000e+01	6.13981e+01
8.20000e+01	9.75000e+01	6.17578e+01
8.20000e+01	1.00500e+02	6.28709e+01
8.20000e+01	1.03500e+02	6.48136e+01
8.20000e+01	1.06500e+02	6.76974e+01
8.20000e+01	1.09500e+02	7.67874e+01
8.20000e+01	1.12500e+02	9.05471e+01
8.20000e+01	1.15500e+02	1.04574e+02
8.20000e+01	1.18500e+02	7.73578e+00

8.60000e+01	0.00000e+00	3.91438e+01
8.60000e+01	1.50000e+00	1.52997e+02
8.60000e+01	4.50000e+00	1.75608e+02
8.60000e+01	7.50000e+00	1.72427e+02
8.60000e+01	1.05000e+01	1.53511e+02
8.60000e+01	1.35000e+01	1.23362e+02
8.60000e+01	1.65000e+01	8.44998e+01
8.60000e+01	1.95000e+01	4.42683e+01
8.60000e+01	2.25000e+01	1.82871e+01
8.60000e+01	2.55000e+01	1.53049e+00
8.60000e+01	2.85000e+01	-8.76451e+00
8.60000e+01	3.15000e+01	-1.41575e+01
8.60000e+01	3.45000e+01	-1.76957e+01
8.60000e+01	3.75000e+01	-1.47020e+01
8.60000e+01	4.05000e+01	-5.96549e+00
8.60000e+01	4.35000e+01	4.79835e+00
8.60000e+01	4.65000e+01	1.36528e+01
8.60000e+01	4.95000e+01	1.78056e+01
8.60000e+01	5.25000e+01	1.55481e+01
8.60000e+01	5.55000e+01	1.04354e+01
8.60000e+01	5.85000e+01	7.10244e+00
8.60000e+01	6.15000e+01	4.61282e+00
8.60000e+01	6.45000e+01	3.23650e+00
8.60000e+01	6.75000e+01	3.82644e+00
8.60000e+01	7.05000e+01	5.61951e+00
8.60000e+01	7.35000e+01	1.22721e+01
8.60000e+01	7.65000e+01	2.54851e+01
8.60000e+01	7.95000e+01	3.97541e+01
8.60000e+01	8.25000e+01	5.02661e+01
8.60000e+01	8.55000e+01	5.49208e+01
8.60000e+01	8.85000e+01	5.28218e+01
8.60000e+01	9.15000e+01	4.63434e+01
8.60000e+01	9.45000e+01	4.36245e+01
8.60000e+01	9.75000e+01	4.36706e+01
8.60000e+01	1.00500e+02	4.65386e+01
8.60000e+01	1.03500e+02	5.22018e+01
8.60000e+01	1.06500e+02	5.47942e+01
8.60000e+01	1.09500e+02	6.73011e+01
8.60000e+01	1.12500e+02	8.84818e+01
8.60000e+01	1.15500e+02	1.11471e+02
8.60000e+01	1.18500e+02	3.77218e+00

9.00000e+01	0.00000e+00	4.69344e+01
9.00000e+01	1.50000e+00	1.77036e+02
9.00000e+01	4.50000e+00	1.87090e+02
9.00000e+01	7.50000e+00	1.72939e+02
9.00000e+01	1.05000e+01	1.42174e+02
9.00000e+01	1.35000e+01	1.00380e+02
9.00000e+01	1.65000e+01	4.38341e+01
9.00000e+01	1.95000e+01	1.87934e+01
9.00000e+01	2.25000e+01	6.45062e+00
9.00000e+01	2.55000e+01	1.18470e-01
9.00000e+01	2.85000e+01	-2.01401e+00
9.00000e+01	3.15000e+01	1.56605e+00
9.00000e+01	3.45000e+01	7.57852e+00
9.00000e+01	3.75000e+01	5.76317e+00
9.00000e+01	4.05000e+01	1.37852e+01
9.00000e+01	4.35000e+01	2.11523e+01
9.00000e+01	4.65000e+01	2.41883e+01
9.00000e+01	4.95000e+01	2.19054e+01
9.00000e+01	5.25000e+01	8.91061e+00
9.00000e+01	5.55000e+01	4.30612e+00
9.00000e+01	5.85000e+01	2.51092e+00
9.00000e+01	6.15000e+01	1.91227e+00
9.00000e+01	6.45000e+01	2.84079e+00
9.00000e+01	6.75000e+01	7.65665e+00
9.00000e+01	7.05000e+01	1.56318e+01
9.00000e+01	7.35000e+01	1.87774e+01
9.00000e+01	7.65000e+01	3.23539e+01
9.00000e+01	7.95000e+01	4.36967e+01
9.00000e+01	8.25000e+01	4.76659e+01
9.00000e+01	8.55000e+01	4.27010e+01
9.00000e+01	8.85000e+01	2.52194e+01
9.00000e+01	9.15000e+01	1.90689e+01
9.00000e+01	9.45000e+01	1.75056e+01
9.00000e+01	9.75000e+01	1.89714e+01
9.00000e+01	1.00500e+02	2.53229e+01
9.00000e+01	1.03500e+02	4.42359e+01
9.00000e+01	1.06500e+02	7.05766e+01
9.00000e+01	1.09500e+02	7.80994e+01
9.00000e+01	1.12500e+02	1.07967e+02
9.00000e+01	1.15500e+02	1.43156e+02
9.00000e+01	1.18500e+02	1.41431e+01

9.40000e+01	0.00000e+00	5.62055e+01
9.40000e+01	1.50000e+00	2.04664e+02
9.40000e+01	4.50000e+00	1.86520e+02
9.40000e+01	7.50000e+00	1.55455e+02
9.40000e+01	1.05000e+01	1.04464e+02
9.40000e+01	1.35000e+01	4.46156e+01
9.40000e+01	1.65000e+01	1.36438e-21
9.40000e+01	1.95000e+01	6.55784e-22
9.40000e+01	2.25000e+01	7.01616e-22
9.40000e+01	2.55000e+01	7.16240e-22
9.40000e+01	2.85000e+01	9.26345e-22
9.40000e+01	3.15000e+01	9.27069e+00
9.40000e+01	3.45000e+01	2.85215e+01
9.40000e+01	3.75000e+01	3.41637e+01
9.40000e+01	4.05000e+01	3.89775e+01
9.40000e+01	4.35000e+01	3.75597e+01
9.40000e+01	4.65000e+01	2.73052e+01
9.40000e+01	4.95000e+01	1.32509e+01
9.40000e+01	5.25000e+01	3.73245e-22
9.40000e+01	5.55000e+01	3.53896e-22
9.40000e+01	5.85000e+01	4.50503e-22
9.40000e+01	6.15000e+01	4.75182e-22
9.40000e+01	6.45000e+01	5.75982e-22
9.40000e+01	6.75000e+01	6.74124e+00
9.40000e+01	7.05000e+01	2.44619e+01
9.40000e+01	7.35000e+01	3.54285e+01
9.40000e+01	7.65000e+01	4.67664e+01
9.40000e+01	7.95000e+01	4.95468e+01
9.40000e+01	8.25000e+01	3.94862e+01
9.40000e+01	8.55000e+01	1.95257e+01
9.40000e+01	8.85000e+01	8.55843e-22
9.40000e+01	9.15000e+01	6.10147e-22
9.40000e+01	9.45000e+01	7.33363e-22
9.40000e+01	9.75000e+01	9.01289e-22
9.40000e+01	1.00500e+02	1.65500e-21
9.40000e+01	1.03500e+02	2.52711e+01
9.40000e+01	1.06500e+02	8.36068e+01
9.40000e+01	1.09500e+02	1.18190e+02
9.40000e+01	1.12500e+02	1.55728e+02
9.40000e+01	1.15500e+02	2.01171e+02
9.40000e+01	1.18500e+02	4.21936e+01

9.80000e+01	0.00000e+00	6.34658e+01
9.80000e+01	1.50000e+00	2.26226e+02
9.80000e+01	4.50000e+00	1.82594e+02
9.80000e+01	7.50000e+00	1.34768e+02
9.80000e+01	1.05000e+01	5.46284e+01
9.80000e+01	1.35000e+01	1.60393e-21
9.80000e+01	1.65000e+01	9.20165e-22
9.80000e+01	1.95000e+01	1.06175e-21
9.80000e+01	2.25000e+01	9.79506e-22
9.80000e+01	2.55000e+01	8.53929e-22
9.80000e+01	2.85000e+01	7.05234e-22
9.80000e+01	3.15000e+01	1.30870e-21
9.80000e+01	3.45000e+01	2.09806e+01
9.80000e+01	3.75000e+01	5.02813e+01
9.80000e+01	4.05000e+01	5.72989e+01
9.80000e+01	4.35000e+01	4.90268e+01
9.80000e+01	4.65000e+01	2.08228e+01
9.80000e+01	4.95000e+01	7.43141e-22
9.80000e+01	5.25000e+01	5.51376e-22
9.80000e+01	5.55000e+01	6.25607e-22
9.80000e+01	5.85000e+01	6.27816e-22
9.80000e+01	6.15000e+01	6.27265e-22
9.80000e+01	6.45000e+01	6.84584e-22
9.80000e+01	6.75000e+01	1.33993e-21
9.80000e+01	7.05000e+01	2.13516e+01
9.80000e+01	7.35000e+01	5.17130e+01
9.80000e+01	7.65000e+01	6.28224e+01
9.80000e+01	7.95000e+01	5.56667e+01
9.80000e+01	8.25000e+01	2.44369e+01
9.80000e+01	8.55000e+01	1.21429e-21
9.80000e+01	8.85000e+01	5.61731e-22
9.80000e+01	9.15000e+01	5.82899e-22
9.80000e+01	9.45000e+01	6.19833e-22
9.80000e+01	9.75000e+01	6.55251e-22
9.80000e+01	1.00500e+02	6.60601e-22
9.80000e+01	1.03500e+02	2.58537e-21
9.80000e+01	1.06500e+02	5.50178e+01
9.80000e+01	1.09500e+02	1.43654e+02
9.80000e+01	1.12500e+02	2.00764e+02
9.80000e+01	1.15500e+02	2.57606e+02
9.80000e+01	1.18500e+02	7.24169e+01

1.02000e+02	0.00000e+00	6.56399e+01
1.02000e+02	1.50000e+00	2.32952e+02
1.02000e+02	4.50000e+00	1.75322e+02
1.02000e+02	7.50000e+00	1.14802e+02
1.02000e+02	1.05000e+01	3.83613e+01
1.02000e+02	1.35000e+01	-2.25341e-21
1.02000e+02	1.65000e+01	2.37881e-21
1.02000e+02	1.95000e+01	1.86564e-21
1.02000e+02	2.25000e+01	1.33443e-21
1.02000e+02	2.55000e+01	1.03270e-21
1.02000e+02	2.85000e+01	8.22612e-22
1.02000e+02	3.15000e+01	1.02428e-21
1.02000e+02	3.45000e+01	1.99065e+01
1.02000e+02	3.75000e+01	4.97446e+01
1.02000e+02	4.05000e+01	6.08026e+01
1.02000e+02	4.35000e+01	5.05530e+01
1.02000e+02	4.65000e+01	1.97641e+01
1.02000e+02	4.95000e+01	-8.68577e-22
1.02000e+02	5.25000e+01	1.39713e-21
1.02000e+02	5.55000e+01	1.02536e-21
1.02000e+02	5.85000e+01	8.10035e-22
1.02000e+02	6.15000e+01	6.76465e-22
1.02000e+02	6.45000e+01	5.71187e-22
1.02000e+02	6.75000e+01	7.22179e-22
1.02000e+02	7.05000e+01	2.13816e+01
1.02000e+02	7.35000e+01	6.24968e+01
1.02000e+02	7.65000e+01	7.27341e+01
1.02000e+02	7.95000e+01	5.87573e+01
1.02000e+02	8.25000e+01	2.37061e+01
1.02000e+02	8.55000e+01	5.54321e-22
1.02000e+02	8.85000e+01	5.56657e-22
1.02000e+02	9.15000e+01	5.27621e-22
1.02000e+02	9.45000e+01	5.08998e-22
1.02000e+02	9.75000e+01	4.62638e-22
1.02000e+02	1.00500e+02	3.24423e-22
1.02000e+02	1.03500e+02	1.04495e-21
1.02000e+02	1.06500e+02	4.96323e+01
1.02000e+02	1.09500e+02	1.61176e+02
1.02000e+02	1.12500e+02	2.33945e+02
1.02000e+02	1.15500e+02	2.94665e+02
1.02000e+02	1.18500e+02	9.56464e+01

1.06000e+02	0.00000e+00	6.57248e+01
1.06000e+02	1.50000e+00	2.33080e+02
1.06000e+02	4.50000e+00	1.60735e+02
1.06000e+02	7.50000e+00	9.30766e+01
1.06000e+02	1.05000e+01	1.32611e+01
1.06000e+02	1.35000e+01	-2.24087e+01
1.06000e+02	1.65000e+01	7.15230e-22
1.06000e+02	1.95000e+01	2.70170e-21
1.06000e+02	2.25000e+01	1.28140e-21
1.06000e+02	2.55000e+01	1.04855e-21
1.06000e+02	2.85000e+01	8.70254e-22
1.06000e+02	3.15000e+01	6.61949e-22
1.06000e+02	3.45000e+01	1.99085e+01
1.06000e+02	3.75000e+01	5.86475e+01
1.06000e+02	4.05000e+01	6.78400e+01
1.06000e+02	4.35000e+01	5.25743e+01
1.06000e+02	4.65000e+01	1.62903e+01
1.06000e+02	4.95000e+01	-6.73574e+00
1.06000e+02	5.25000e+01	1.00593e-21
1.06000e+02	5.55000e+01	1.14702e-21
1.06000e+02	5.85000e+01	8.46914e-22
1.06000e+02	6.15000e+01	6.75366e-22
1.06000e+02	6.45000e+01	7.13177e-22
1.06000e+02	6.75000e+01	1.48729e-21
1.06000e+02	7.05000e+01	2.89638e+01
1.06000e+02	7.35000e+01	7.35001e+01
1.06000e+02	7.65000e+01	7.74407e+01
1.06000e+02	7.95000e+01	5.82816e+01
1.06000e+02	8.25000e+01	2.20366e+01
1.06000e+02	8.55000e+01	-7.38161e-22
1.06000e+02	8.85000e+01	1.37656e-21
1.06000e+02	9.15000e+01	4.53831e-22
1.06000e+02	9.45000e+01	4.47473e-22
1.06000e+02	9.75000e+01	4.33324e-22
1.06000e+02	1.00500e+02	1.16238e-22
1.06000e+02	1.03500e+02	4.43332e-21
1.06000e+02	1.06500e+02	7.23497e+01
1.06000e+02	1.09500e+02	1.98586e+02
1.06000e+02	1.12500e+02	2.62097e+02
1.06000e+02	1.15500e+02	3.11915e+02
1.06000e+02	1.18500e+02	1.09170e+02

1.10000e+02	0.00000e+00	6.37154e+01
1.10000e+02	1.50000e+00	2.26567e+02
1.10000e+02	4.50000e+00	1.44850e+02
1.10000e+02	7.50000e+00	7.84065e+01
1.10000e+02	1.05000e+01	-8.28553e+00
1.10000e+02	1.35000e+01	-5.36744e+01
1.10000e+02	1.65000e+01	-2.15174e+01
1.10000e+02	1.95000e+01	-6.76644e+00
1.10000e+02	2.25000e+01	1.90063e-22
1.10000e+02	2.55000e+01	9.67440e-22
1.10000e+02	2.85000e+01	1.85458e-21
1.10000e+02	3.15000e+01	5.31702e+00
1.10000e+02	3.45000e+01	3.29764e+01
1.10000e+02	3.75000e+01	7.32391e+01
1.10000e+02	4.05000e+01	7.61850e+01
1.10000e+02	4.35000e+01	5.64844e+01
1.10000e+02	4.65000e+01	1.58542e+01
1.10000e+02	4.95000e+01	-1.15476e+01
1.10000e+02	5.25000e+01	-3.42268e+00
1.10000e+02	5.55000e+01	2.62506e-22
1.10000e+02	5.85000e+01	6.55260e-22
1.10000e+02	6.15000e+01	3.02068e-22
1.10000e+02	6.45000e+01	1.05279e-21
1.10000e+02	6.75000e+01	1.34831e+01
1.10000e+02	7.05000e+01	4.34352e+01
1.10000e+02	7.35000e+01	6.47296e+01
1.10000e+02	7.65000e+01	6.42091e+01
1.10000e+02	7.95000e+01	4.41712e+01
1.10000e+02	8.25000e+01	8.64135e+00
1.10000e+02	8.55000e+01	-1.22726e+01
1.10000e+02	8.85000e+01	-5.10897e+00
1.10000e+02	9.15000e+01	-3.08848e-22
1.10000e+02	9.45000e+01	3.99799e-22
1.10000e+02	9.75000e+01	1.14069e-21
1.10000e+02	1.00500e+02	5.02044e+00
1.10000e+02	1.03500e+02	4.12528e+01
1.10000e+02	1.06500e+02	1.25537e+02
1.10000e+02	1.09500e+02	2.05704e+02
1.10000e+02	1.12500e+02	2.56335e+02
1.10000e+02	1.15500e+02	2.92199e+02
1.10000e+02	1.18500e+02	1.02818e+02

1.14000e+02	0.00000e+00	5.65647e+01
1.14000e+02	1.50000e+00	2.05097e+02
1.14000e+02	4.50000e+00	1.32647e+02
1.14000e+02	7.50000e+00	7.46417e+01
1.14000e+02	1.05000e+01	1.32740e+01
1.14000e+02	1.35000e+01	-3.63568e+01
1.14000e+02	1.65000e+01	-4.23351e+01
1.14000e+02	1.95000e+01	-1.69953e+01
1.14000e+02	2.25000e+01	-1.31458e+00
1.14000e+02	2.55000e+01	7.60685e+00
1.14000e+02	2.85000e+01	1.42375e+01
1.14000e+02	3.15000e+01	3.07767e+01
1.14000e+02	3.45000e+01	5.82215e+01
1.14000e+02	3.75000e+01	7.44638e+01
1.14000e+02	4.05000e+01	7.14640e+01
1.14000e+02	4.35000e+01	5.27841e+01
1.14000e+02	4.65000e+01	2.41538e+01
1.14000e+02	4.95000e+01	-7.85313e-01
1.14000e+02	5.25000e+01	-7.44416e+00
1.14000e+02	5.55000e+01	-3.25737e+00
1.14000e+02	5.85000e+01	-8.97616e-01
1.14000e+02	6.15000e+01	1.25363e+00
1.14000e+02	6.45000e+01	9.85000e+00
1.14000e+02	6.75000e+01	2.78020e+01
1.14000e+02	7.05000e+01	4.38995e+01
1.14000e+02	7.35000e+01	5.23049e+01
1.14000e+02	7.65000e+01	4.76838e+01
1.14000e+02	7.95000e+01	2.89176e+01
1.14000e+02	8.25000e+01	-6.28118e+00
1.14000e+02	8.55000e+01	-2.99493e+01
1.14000e+02	8.85000e+01	-2.21643e+01
1.14000e+02	9.15000e+01	-1.57413e+01
1.14000e+02	9.45000e+01	-1.04314e+01
1.14000e+02	9.75000e+01	-3.08981e+00
1.14000e+02	1.00500e+02	2.76379e+01
1.14000e+02	1.03500e+02	8.71802e+01
1.14000e+02	1.06500e+02	1.46440e+02
1.14000e+02	1.09500e+02	1.99055e+02
1.14000e+02	1.12500e+02	2.33643e+02
1.14000e+02	1.15500e+02	2.53455e+02
1.14000e+02	1.18500e+02	8.56190e+01

1.18000e+02	0.00000e+00	4.72937e+01
1.18000e+02	1.50000e+00	1.77401e+02
1.18000e+02	4.50000e+00	1.27146e+02
1.18000e+02	7.50000e+00	8.20542e+01
1.18000e+02	1.05000e+01	3.63891e+01
1.18000e+02	1.35000e+01	1.01440e-01
1.18000e+02	1.65000e+01	-1.38424e+01
1.18000e+02	1.95000e+01	-1.02455e+01
1.18000e+02	2.25000e+01	4.54254e-01
1.18000e+02	2.55000e+01	2.32095e+01
1.18000e+02	2.85000e+01	4.30330e+01
1.18000e+02	3.15000e+01	5.39670e+01
1.18000e+02	3.45000e+01	6.48710e+01
1.18000e+02	3.75000e+01	6.85166e+01
1.18000e+02	4.05000e+01	6.17981e+01
1.18000e+02	4.35000e+01	4.61920e+01
1.18000e+02	4.65000e+01	2.59244e+01
1.18000e+02	4.95000e+01	7.63721e+00
1.18000e+02	5.25000e+01	-3.84665e+00
1.18000e+02	5.55000e+01	-6.41428e+00
1.18000e+02	5.85000e+01	-2.10581e+00
1.18000e+02	6.15000e+01	6.41344e+00
1.18000e+02	6.45000e+01	1.96159e+01
1.18000e+02	6.75000e+01	3.04437e+01
1.18000e+02	7.05000e+01	3.75139e+01
1.18000e+02	7.35000e+01	3.81046e+01
1.18000e+02	7.65000e+01	3.02592e+01
1.18000e+02	7.95000e+01	1.39164e+01
1.18000e+02	8.25000e+01	-8.21920e+00
1.18000e+02	8.55000e+01	-2.46368e+01
1.18000e+02	8.85000e+01	-3.25964e+01
1.18000e+02	9.15000e+01	-3.51391e+01
1.18000e+02	9.45000e+01	-1.99175e+01
1.18000e+02	9.75000e+01	6.65843e+00
1.18000e+02	1.00500e+02	4.43650e+01
1.18000e+02	1.03500e+02	9.36770e+01
1.18000e+02	1.06500e+02	1.41153e+02
1.18000e+02	1.09500e+02	1.79859e+02
1.18000e+02	1.12500e+02	2.03386e+02
1.18000e+02	1.15500e+02	2.11684e+02
1.18000e+02	1.18500e+02	6.65088e+01

1.22000e+02	0.00000e+00	3.93877e+01
1.22000e+02	1.50000e+00	1.53105e+02
1.22000e+02	4.50000e+00	1.25147e+02
1.22000e+02	7.50000e+00	9.38186e+01
1.22000e+02	1.05000e+01	6.08084e+01
1.22000e+02	1.35000e+01	3.36906e+01
1.22000e+02	1.65000e+01	1.86049e+01
1.22000e+02	1.95000e+01	1.55225e+01
1.22000e+02	2.25000e+01	2.17160e+01
1.22000e+02	2.55000e+01	3.56210e+01
1.22000e+02	2.85000e+01	4.90693e+01
1.22000e+02	3.15000e+01	5.68486e+01
1.22000e+02	3.45000e+01	5.99455e+01
1.22000e+02	3.75000e+01	5.68986e+01
1.22000e+02	4.05000e+01	4.86404e+01
1.22000e+02	4.35000e+01	3.62111e+01
1.22000e+02	4.65000e+01	2.19250e+01
1.22000e+02	4.95000e+01	9.01315e+00
1.22000e+02	5.25000e+01	2.16175e-01
1.22000e+02	5.55000e+01	-1.98045e+00
1.22000e+02	5.85000e+01	2.13700e+00
1.22000e+02	6.15000e+01	1.02517e+01
1.22000e+02	6.45000e+01	1.98352e+01
1.22000e+02	6.75000e+01	2.66269e+01
1.22000e+02	7.05000e+01	2.87330e+01
1.22000e+02	7.35000e+01	2.52373e+01
1.22000e+02	7.65000e+01	1.67130e+01
1.22000e+02	7.95000e+01	3.98186e+00
1.22000e+02	8.25000e+01	-1.05281e+01
1.22000e+02	8.55000e+01	-2.22507e+01
1.22000e+02	8.85000e+01	-2.86616e+01
1.22000e+02	9.15000e+01	-2.59573e+01
1.22000e+02	9.45000e+01	-9.52528e+00
1.22000e+02	9.75000e+01	1.79456e+01
1.22000e+02	1.00500e+02	5.31904e+01
1.22000e+02	1.03500e+02	9.27485e+01
1.22000e+02	1.06500e+02	1.29753e+02
1.22000e+02	1.09500e+02	1.58625e+02
1.22000e+02	1.12500e+02	1.74774e+02
1.22000e+02	1.15500e+02	1.77000e+02
1.22000e+02	1.18500e+02	5.08236e+01

1.26000e+02	0.00000e+00	3.42488e+01
1.26000e+02	1.50000e+00	1.36392e+02
1.26000e+02	4.50000e+00	1.23878e+02
1.26000e+02	7.50000e+00	1.03845e+02
1.26000e+02	1.05000e+01	8.07462e+01
1.26000e+02	1.35000e+01	6.03163e+01
1.26000e+02	1.65000e+01	4.64146e+01
1.26000e+02	1.95000e+01	4.00603e+01
1.26000e+02	2.25000e+01	4.02300e+01
1.26000e+02	2.55000e+01	4.46757e+01
1.26000e+02	2.85000e+01	4.91258e+01
1.26000e+02	3.15000e+01	5.02972e+01
1.26000e+02	3.45000e+01	4.72136e+01
1.26000e+02	3.75000e+01	3.95375e+01
1.26000e+02	4.05000e+01	3.18619e+01
1.26000e+02	4.35000e+01	2.33527e+01
1.26000e+02	4.65000e+01	1.47265e+01
1.26000e+02	4.95000e+01	7.45619e+00
1.26000e+02	5.25000e+01	2.23260e+00
1.26000e+02	5.55000e+01	1.78086e+00
1.26000e+02	5.85000e+01	6.23619e+00
1.26000e+02	6.15000e+01	1.29234e+01
1.26000e+02	6.45000e+01	1.91245e+01
1.26000e+02	6.75000e+01	2.22399e+01
1.26000e+02	7.05000e+01	2.06308e+01
1.26000e+02	7.35000e+01	1.48049e+01
1.26000e+02	7.65000e+01	7.63729e+00
1.26000e+02	7.95000e+01	-7.12738e-01
1.26000e+02	8.25000e+01	-8.76599e+00
1.26000e+02	8.55000e+01	-1.42641e+01
1.26000e+02	8.85000e+01	-1.67980e+01
1.26000e+02	9.15000e+01	-1.02352e+01
1.26000e+02	9.45000e+01	6.68411e+00
1.26000e+02	9.75000e+01	3.15757e+01
1.26000e+02	1.00500e+02	6.12956e+01
1.26000e+02	1.03500e+02	9.23545e+01
1.26000e+02	1.06500e+02	1.20488e+02
1.26000e+02	1.09500e+02	1.41800e+02
1.26000e+02	1.12500e+02	1.53134e+02
1.26000e+02	1.15500e+02	1.53371e+02
1.26000e+02	1.18500e+02	4.05136e+01

1.30000e+02	0.00000e+00	3.16508e+01
1.30000e+02	1.50000e+00	1.27064e+02
1.30000e+02	4.50000e+00	1.22429e+02
1.30000e+02	7.50000e+00	1.10068e+02
1.30000e+02	1.05000e+01	9.41274e+01
1.30000e+02	1.35000e+01	7.85644e+01
1.30000e+02	1.65000e+01	6.59680e+01
1.30000e+02	1.95000e+01	5.72651e+01
1.30000e+02	2.25000e+01	5.18677e+01
1.30000e+02	2.55000e+01	4.79842e+01
1.30000e+02	2.85000e+01	4.30007e+01
1.30000e+02	3.15000e+01	3.47847e+01
1.30000e+02	3.45000e+01	2.12596e+01
1.30000e+02	3.75000e+01	1.55881e+01
1.30000e+02	4.05000e+01	1.20289e+01
1.30000e+02	4.35000e+01	8.89346e+00
1.30000e+02	4.65000e+01	6.30958e+00
1.30000e+02	4.95000e+01	5.69153e+00
1.30000e+02	5.25000e+01	6.78756e+00
1.30000e+02	5.55000e+01	6.16596e+00
1.30000e+02	5.85000e+01	1.08924e+01
1.30000e+02	6.15000e+01	1.56703e+01
1.30000e+02	6.45000e+01	1.80734e+01
1.30000e+02	6.75000e+01	1.68621e+01
1.30000e+02	7.05000e+01	9.71900e+00
1.30000e+02	7.35000e+01	5.98182e+00
1.30000e+02	7.65000e+01	2.90181e+00
1.30000e+02	7.95000e+01	2.17456e-02
1.30000e+02	8.25000e+01	-1.62630e+00
1.30000e+02	8.55000e+01	9.77104e-01
1.30000e+02	8.85000e+01	7.20205e+00
1.30000e+02	9.15000e+01	1.11689e+01
1.30000e+02	9.45000e+01	2.65383e+01
1.30000e+02	9.75000e+01	4.76210e+01
1.30000e+02	1.00500e+02	7.13472e+01
1.30000e+02	1.03500e+02	9.50336e+01
1.30000e+02	1.06500e+02	1.15919e+02
1.30000e+02	1.09500e+02	1.31479e+02
1.30000e+02	1.12500e+02	1.39760e+02
1.30000e+02	1.15500e+02	1.40290e+02
1.30000e+02	1.18500e+02	3.52740e+01

1.34000e+02	0.00000e+00	3.07298e+01
1.34000e+02	1.50000e+00	1.22971e+02
1.34000e+02	4.50000e+00	1.20807e+02
1.34000e+02	7.50000e+00	1.12857e+02
1.34000e+02	1.05000e+01	1.01551e+02
1.34000e+02	1.35000e+01	8.92096e+01
1.34000e+02	1.65000e+01	7.74110e+01
1.34000e+02	1.95000e+01	6.67348e+01
1.34000e+02	2.25000e+01	5.66682e+01
1.34000e+02	2.55000e+01	4.56453e+01
1.34000e+02	2.85000e+01	3.14809e+01
1.34000e+02	3.15000e+01	1.39912e+01
1.34000e+02	3.45000e+01	6.67671e-22
1.34000e+02	3.75000e+01	3.71538e-22
1.34000e+02	4.05000e+01	3.65361e-22
1.34000e+02	4.35000e+01	3.45695e-22
1.34000e+02	4.65000e+01	3.90703e-22
1.34000e+02	4.95000e+01	3.35283e+00
1.34000e+02	5.25000e+01	1.11460e+01
1.34000e+02	5.55000e+01	1.47597e+01
1.34000e+02	5.85000e+01	1.84714e+01
1.34000e+02	6.15000e+01	1.91798e+01
1.34000e+02	6.45000e+01	1.50902e+01
1.34000e+02	6.75000e+01	7.49291e+00
1.34000e+02	7.05000e+01	3.54757e-22
1.34000e+02	7.35000e+01	2.55665e-22
1.34000e+02	7.65000e+01	2.90174e-22
1.34000e+02	7.95000e+01	3.29346e-22
1.34000e+02	8.25000e+01	5.93567e-22
1.34000e+02	8.55000e+01	7.33085e+00
1.34000e+02	8.85000e+01	2.35262e+01
1.34000e+02	9.15000e+01	3.33298e+01
1.34000e+02	9.45000e+01	4.75560e+01
1.34000e+02	9.75000e+01	6.46474e+01
1.34000e+02	1.00500e+02	8.28285e+01
1.34000e+02	1.03500e+02	1.00362e+02
1.34000e+02	1.06500e+02	1.15543e+02
1.34000e+02	1.09500e+02	1.26855e+02
1.34000e+02	1.12500e+02	1.33228e+02
1.34000e+02	1.15500e+02	1.34886e+02
1.34000e+02	1.18500e+02	3.36811e+01

1.38000e+02	0.00000e+00	3.06179e+01
1.38000e+02	1.50000e+00	1.21720e+02
1.38000e+02	4.50000e+00	1.19259e+02
1.38000e+02	7.50000e+00	1.13487e+02
1.38000e+02	1.05000e+01	1.04836e+02
1.38000e+02	1.35000e+01	9.42856e+01
1.38000e+02	1.65000e+01	8.26133e+01
1.38000e+02	1.95000e+01	7.01066e+01
1.38000e+02	2.25000e+01	5.63163e+01
1.38000e+02	2.55000e+01	3.96213e+01
1.38000e+02	2.85000e+01	1.56744e+01
1.38000e+02	3.15000e+01	5.09716e-22
1.38000e+02	3.45000e+01	3.26417e-22
1.38000e+02	3.75000e+01	3.98348e-22
1.38000e+02	4.05000e+01	3.81342e-22
1.38000e+02	4.35000e+01	3.59999e-22
1.38000e+02	4.65000e+01	3.52955e-22
1.38000e+02	4.95000e+01	6.63516e-22
1.38000e+02	5.25000e+01	9.05236e+00
1.38000e+02	5.55000e+01	2.18272e+01
1.38000e+02	5.85000e+01	2.54883e+01
1.38000e+02	6.15000e+01	2.23817e+01
1.38000e+02	6.45000e+01	9.76129e+00
1.38000e+02	6.75000e+01	5.71169e-22
1.38000e+02	7.05000e+01	2.50706e-22
1.38000e+02	7.35000e+01	2.48013e-22
1.38000e+02	7.65000e+01	2.35749e-22
1.38000e+02	7.95000e+01	1.93001e-22
1.38000e+02	8.25000e+01	7.08867e-23
1.38000e+02	8.55000e+01	6.58435e-22
1.38000e+02	8.85000e+01	1.55901e+01
1.38000e+02	9.15000e+01	4.18142e+01
1.38000e+02	9.45000e+01	6.12688e+01
1.38000e+02	9.75000e+01	7.78748e+01
1.38000e+02	1.00500e+02	9.27788e+01
1.38000e+02	1.03500e+02	1.06027e+02
1.38000e+02	1.06500e+02	1.17156e+02
1.38000e+02	1.09500e+02	1.25561e+02
1.38000e+02	1.12500e+02	1.30799e+02
1.38000e+02	1.15500e+02	1.33565e+02
1.38000e+02	1.18500e+02	3.39810e+01

1.42000e+02	0.00000e+00	3.07076e+01
1.42000e+02	1.50000e+00	1.21527e+02
1.42000e+02	4.50000e+00	1.18154e+02
1.42000e+02	7.50000e+00	1.13466e+02
1.42000e+02	1.05000e+01	1.06187e+02
1.42000e+02	1.35000e+01	9.63038e+01
1.42000e+02	1.65000e+01	8.40358e+01
1.42000e+02	1.95000e+01	6.95330e+01
1.42000e+02	2.25000e+01	5.26548e+01
1.42000e+02	2.55000e+01	3.29901e+01
1.42000e+02	2.85000e+01	1.06734e+01
1.42000e+02	3.15000e+01	-6.56381e-22
1.42000e+02	3.45000e+01	6.96379e-22
1.42000e+02	3.75000e+01	5.83268e-22
1.42000e+02	4.05000e+01	4.05032e-22
1.42000e+02	4.35000e+01	3.48879e-22
1.42000e+02	4.65000e+01	3.17915e-22
1.42000e+02	4.95000e+01	4.71718e-22
1.42000e+02	5.25000e+01	8.81110e+00
1.42000e+02	5.55000e+01	2.19511e+01
1.42000e+02	5.85000e+01	2.70620e+01
1.42000e+02	6.15000e+01	2.27837e+01
1.42000e+02	6.45000e+01	9.22900e+00
1.42000e+02	6.75000e+01	2.14442e-22
1.42000e+02	7.05000e+01	2.55238e-22
1.42000e+02	7.35000e+01	2.57377e-22
1.42000e+02	7.65000e+01	2.35516e-22
1.42000e+02	7.95000e+01	1.97736e-22
1.42000e+02	8.25000e+01	1.03519e-22
1.42000e+02	8.55000e+01	3.40999e-22
1.42000e+02	8.85000e+01	1.43230e+01
1.42000e+02	9.15000e+01	4.70019e+01
1.42000e+02	9.45000e+01	7.02961e+01
1.42000e+02	9.75000e+01	8.69199e+01
1.42000e+02	1.00500e+02	9.96249e+01
1.42000e+02	1.03500e+02	1.09891e+02
1.42000e+02	1.06500e+02	1.18275e+02
1.42000e+02	1.09500e+02	1.24846e+02
1.42000e+02	1.12500e+02	1.29515e+02
1.42000e+02	1.15500e+02	1.33054e+02
1.42000e+02	1.18500e+02	3.45329e+01

1.46000e+02	0.00000e+00	3.06997e+01
1.46000e+02	1.50000e+00	1.21474e+02
1.46000e+02	4.50000e+00	1.18159e+02
1.46000e+02	7.50000e+00	1.14434e+02
1.46000e+02	1.05000e+01	1.07880e+02
1.46000e+02	1.35000e+01	9.78890e+01
1.46000e+02	1.65000e+01	8.44973e+01
1.46000e+02	1.95000e+01	6.80289e+01
1.46000e+02	2.25000e+01	4.87853e+01
1.46000e+02	2.55000e+01	2.69547e+01
1.46000e+02	2.85000e+01	3.36868e+00
1.46000e+02	3.15000e+01	-6.53368e+00
1.46000e+02	3.45000e+01	8.94322e-23
1.46000e+02	3.75000e+01	8.83998e-22
1.46000e+02	4.05000e+01	2.11687e-22
1.46000e+02	4.35000e+01	2.92977e-22
1.46000e+02	4.65000e+01	2.87837e-22
1.46000e+02	4.95000e+01	2.41760e-22
1.46000e+02	5.25000e+01	8.91137e+00
1.46000e+02	5.55000e+01	2.62471e+01
1.46000e+02	5.85000e+01	3.04441e+01
1.46000e+02	6.15000e+01	2.41583e+01
1.46000e+02	6.45000e+01	9.29169e+00
1.46000e+02	6.75000e+01	-4.31379e-22
1.46000e+02	7.05000e+01	6.71850e-22
1.46000e+02	7.35000e+01	3.09408e-22
1.46000e+02	7.65000e+01	2.63582e-22
1.46000e+02	7.95000e+01	3.02803e-22
1.46000e+02	8.25000e+01	8.83047e-23
1.46000e+02	8.55000e+01	1.54720e-21
1.46000e+02	8.85000e+01	2.13263e+01
1.46000e+02	9.15000e+01	5.85975e+01
1.46000e+02	9.45000e+01	7.93957e+01
1.46000e+02	9.75000e+01	9.29043e+01
1.46000e+02	1.00500e+02	1.02638e+02
1.46000e+02	1.03500e+02	1.10293e+02
1.46000e+02	1.06500e+02	1.16723e+02
1.46000e+02	1.09500e+02	1.22255e+02
1.46000e+02	1.12500e+02	1.26845e+02
1.46000e+02	1.15500e+02	1.30896e+02
1.46000e+02	1.18500e+02	3.39605e+01

1.50000e+02	0.00000e+00	3.05783e+01
1.50000e+02	1.50000e+00	1.21517e+02
1.50000e+02	4.50000e+00	1.20428e+02
1.50000e+02	7.50000e+00	1.18122e+02
1.50000e+02	1.05000e+01	1.11901e+02
1.50000e+02	1.35000e+01	1.01011e+02
1.50000e+02	1.65000e+01	8.57424e+01
1.50000e+02	1.95000e+01	6.69923e+01
1.50000e+02	2.25000e+01	4.57590e+01
1.50000e+02	2.55000e+01	2.23708e+01
1.50000e+02	2.85000e+01	-5.20129e+00
1.50000e+02	3.15000e+01	-1.91787e+01
1.50000e+02	3.45000e+01	-1.01208e+01
1.50000e+02	3.75000e+01	-4.47365e+00
1.50000e+02	4.05000e+01	-6.02561e-22
1.50000e+02	4.35000e+01	3.90735e-22
1.50000e+02	4.65000e+01	7.49181e-22
1.50000e+02	4.95000e+01	1.78207e+00
1.50000e+02	5.25000e+01	1.40421e+01
1.50000e+02	5.55000e+01	3.20802e+01
1.50000e+02	5.85000e+01	3.28212e+01
1.50000e+02	6.15000e+01	2.33799e+01
1.50000e+02	6.45000e+01	6.17221e+00
1.50000e+02	6.75000e+01	-4.47542e+00
1.50000e+02	7.05000e+01	-1.71146e+00
1.50000e+02	7.35000e+01	4.21479e-23
1.50000e+02	7.65000e+01	1.40449e-22
1.50000e+02	7.95000e+01	1.04975e-21
1.50000e+02	8.25000e+01	4.34719e+00
1.50000e+02	8.55000e+01	1.65485e+01
1.50000e+02	8.85000e+01	4.13930e+01
1.50000e+02	9.15000e+01	6.54176e+01
1.50000e+02	9.45000e+01	8.18898e+01
1.50000e+02	9.75000e+01	9.26206e+01
1.50000e+02	1.00500e+02	9.99567e+01
1.50000e+02	1.03500e+02	1.05639e+02
1.50000e+02	1.06500e+02	1.10798e+02
1.50000e+02	1.09500e+02	1.15979e+02
1.50000e+02	1.12500e+02	1.21036e+02
1.50000e+02	1.15500e+02	1.25659e+02
1.50000e+02	1.18500e+02	3.11727e+01

1.54000e+02	0.00000e+00	3.06075e+01
1.54000e+02	1.50000e+00	1.22476e+02
1.54000e+02	4.50000e+00	1.26546e+02
1.54000e+02	7.50000e+00	1.26144e+02
1.54000e+02	1.05000e+01	1.19613e+02
1.54000e+02	1.35000e+01	1.06600e+02
1.54000e+02	1.65000e+01	8.80336e+01
1.54000e+02	1.95000e+01	6.57132e+01
1.54000e+02	2.25000e+01	4.17642e+01
1.54000e+02	2.55000e+01	1.76948e+01
1.54000e+02	2.85000e+01	-5.29117e+00
1.54000e+02	3.15000e+01	-2.33066e+01
1.54000e+02	3.45000e+01	-2.72584e+01
1.54000e+02	3.75000e+01	-1.92137e+01
1.54000e+02	4.05000e+01	-1.17628e+01
1.54000e+02	4.35000e+01	-6.01596e+00
1.54000e+02	4.65000e+01	-9.08228e-01
1.54000e+02	4.95000e+01	8.25727e+00
1.54000e+02	5.25000e+01	2.19431e+01
1.54000e+02	5.55000e+01	3.00623e+01
1.54000e+02	5.85000e+01	2.88880e+01
1.54000e+02	6.15000e+01	1.97288e+01
1.54000e+02	6.45000e+01	2.54340e+00
1.54000e+02	6.75000e+01	-9.00957e+00
1.54000e+02	7.05000e+01	-5.26757e+00
1.54000e+02	7.35000e+01	-1.40492e+00
1.54000e+02	7.65000e+01	2.96568e+00
1.54000e+02	7.95000e+01	8.74537e+00
1.54000e+02	8.25000e+01	2.25158e+01
1.54000e+02	8.55000e+01	4.24098e+01
1.54000e+02	8.85000e+01	5.82222e+01
1.54000e+02	9.15000e+01	7.16230e+01
1.54000e+02	9.45000e+01	8.13179e+01
1.54000e+02	9.75000e+01	8.77600e+01
1.54000e+02	1.00500e+02	9.21658e+01
1.54000e+02	1.03500e+02	9.58373e+01
1.54000e+02	1.06500e+02	9.99421e+01
1.54000e+02	1.09500e+02	1.05281e+02
1.54000e+02	1.12500e+02	1.11463e+02
1.54000e+02	1.15500e+02	1.17190e+02
1.54000e+02	1.18500e+02	2.54647e+01

1.58000e+02	0.00000e+00	3.13558e+01
1.58000e+02	1.50000e+00	1.26034e+02
1.58000e+02	4.50000e+00	1.37946e+02
1.58000e+02	7.50000e+00	1.39249e+02
1.58000e+02	1.05000e+01	1.31148e+02
1.58000e+02	1.35000e+01	1.14395e+02
1.58000e+02	1.65000e+01	9.08397e+01
1.58000e+02	1.95000e+01	6.35905e+01
1.58000e+02	2.25000e+01	3.67258e+01
1.58000e+02	2.55000e+01	1.24791e+01
1.58000e+02	2.85000e+01	-7.80421e+00
1.58000e+02	3.15000e+01	-2.22238e+01
1.58000e+02	3.45000e+01	-2.81353e+01
1.58000e+02	3.75000e+01	-2.97872e+01
1.58000e+02	4.05000e+01	-2.70815e+01
1.58000e+02	4.35000e+01	-1.30344e+01
1.58000e+02	4.65000e+01	1.15138e+00
1.58000e+02	4.95000e+01	1.19741e+01
1.58000e+02	5.25000e+01	2.06517e+01
1.58000e+02	5.55000e+01	2.40378e+01
1.58000e+02	5.85000e+01	2.14327e+01
1.58000e+02	6.15000e+01	1.37806e+01
1.58000e+02	6.45000e+01	3.15701e+00
1.58000e+02	6.75000e+01	-4.29733e+00
1.58000e+02	7.05000e+01	-5.80755e+00
1.58000e+02	7.35000e+01	-2.81061e+00
1.58000e+02	7.65000e+01	1.11079e+01
1.58000e+02	7.95000e+01	2.90814e+01
1.58000e+02	8.25000e+01	4.25816e+01
1.58000e+02	8.55000e+01	5.60377e+01
1.58000e+02	8.85000e+01	6.58886e+01
1.58000e+02	9.15000e+01	7.22309e+01
1.58000e+02	9.45000e+01	7.61082e+01
1.58000e+02	9.75000e+01	7.84153e+01
1.58000e+02	1.00500e+02	7.99901e+01
1.58000e+02	1.03500e+02	8.17121e+01
1.58000e+02	1.06500e+02	8.47273e+01
1.58000e+02	1.09500e+02	9.07810e+01
1.58000e+02	1.12500e+02	9.91086e+01
1.58000e+02	1.15500e+02	1.07210e+02
1.58000e+02	1.18500e+02	1.69745e+01

1.62000e+02	0.00000e+00	3.36677e+01
1.62000e+02	1.50000e+00	1.34524e+02
1.62000e+02	4.50000e+00	1.54462e+02
1.62000e+02	7.50000e+00	1.55681e+02
1.62000e+02	1.05000e+01	1.43926e+02
1.62000e+02	1.35000e+01	1.21652e+02
1.62000e+02	1.65000e+01	9.14306e+01
1.62000e+02	1.95000e+01	5.78365e+01
1.62000e+02	2.25000e+01	2.89782e+01
1.62000e+02	2.55000e+01	6.19087e+00
1.62000e+02	2.85000e+01	-1.07547e+01
1.62000e+02	3.15000e+01	-2.20746e+01
1.62000e+02	3.45000e+01	-2.79083e+01
1.62000e+02	3.75000e+01	-2.74197e+01
1.62000e+02	4.05000e+01	-2.05313e+01
1.62000e+02	4.35000e+01	-7.39392e+00
1.62000e+02	4.65000e+01	5.90428e+00
1.62000e+02	4.95000e+01	1.51885e+01
1.62000e+02	5.25000e+01	1.92755e+01
1.62000e+02	5.55000e+01	1.84340e+01
1.62000e+02	5.85000e+01	1.47597e+01
1.62000e+02	6.15000e+01	9.17294e+00
1.62000e+02	6.45000e+01	3.16441e+00
1.62000e+02	6.75000e+01	-7.08046e-01
1.62000e+02	7.05000e+01	-7.46387e-01
1.62000e+02	7.35000e+01	5.55110e+00
1.62000e+02	7.65000e+01	1.99770e+01
1.62000e+02	7.95000e+01	3.73804e+01
1.62000e+02	8.25000e+01	5.16218e+01
1.62000e+02	8.55000e+01	6.16355e+01
1.62000e+02	8.85000e+01	6.61235e+01
1.62000e+02	9.15000e+01	6.59668e+01
1.62000e+02	9.45000e+01	6.51026e+01
1.62000e+02	9.75000e+01	6.45638e+01
1.62000e+02	1.00500e+02	6.46836e+01
1.62000e+02	1.03500e+02	6.55559e+01
1.62000e+02	1.06500e+02	6.73470e+01
1.62000e+02	1.09500e+02	7.51556e+01
1.62000e+02	1.12500e+02	8.75626e+01
1.62000e+02	1.15500e+02	1.00510e+02
1.62000e+02	1.18500e+02	7.83269e+00

1.66000e+02	0.00000e+00	3.84416e+01
1.66000e+02	1.50000e+00	1.50184e+02
1.66000e+02	4.50000e+00	1.72256e+02
1.66000e+02	7.50000e+00	1.69244e+02
1.66000e+02	1.05000e+01	1.50854e+02
1.66000e+02	1.35000e+01	1.21359e+02
1.66000e+02	1.65000e+01	8.31072e+01
1.66000e+02	1.95000e+01	4.31514e+01
1.66000e+02	2.25000e+01	1.70734e+01
1.66000e+02	2.55000e+01	4.87145e-02
1.66000e+02	2.85000e+01	-1.05268e+01
1.66000e+02	3.15000e+01	-1.61101e+01
1.66000e+02	3.45000e+01	-1.99185e+01
1.66000e+02	3.75000e+01	-1.64184e+01
1.66000e+02	4.05000e+01	-6.40635e+00
1.66000e+02	4.35000e+01	5.96558e+00
1.66000e+02	4.65000e+01	1.62338e+01
1.66000e+02	4.95000e+01	2.11789e+01
1.66000e+02	5.25000e+01	1.87868e+01
1.66000e+02	5.55000e+01	1.28819e+01
1.66000e+02	5.85000e+01	8.79430e+00
1.66000e+02	6.15000e+01	5.48534e+00
1.66000e+02	6.45000e+01	3.34403e+00
1.66000e+02	6.75000e+01	3.44867e+00
1.66000e+02	7.05000e+01	4.98488e+00
1.66000e+02	7.35000e+01	1.22964e+01
1.66000e+02	7.65000e+01	2.71163e+01
1.66000e+02	7.95000e+01	4.31979e+01
1.66000e+02	8.25000e+01	5.50857e+01
1.66000e+02	8.55000e+01	6.03246e+01
1.66000e+02	8.85000e+01	5.78009e+01
1.66000e+02	9.15000e+01	5.01630e+01
1.66000e+02	9.45000e+01	4.65304e+01
1.66000e+02	9.75000e+01	4.57104e+01
1.66000e+02	1.00500e+02	4.76085e+01
1.66000e+02	1.03500e+02	5.21186e+01
1.66000e+02	1.06500e+02	5.36704e+01
1.66000e+02	1.09500e+02	6.48849e+01
1.66000e+02	1.12500e+02	8.45127e+01
1.66000e+02	1.15500e+02	1.06164e+02
1.66000e+02	1.18500e+02	3.72317e+00

1.70000e+02	0.00000e+00	4.60131e+01
1.70000e+02	1.50000e+00	1.73487e+02
1.70000e+02	4.50000e+00	1.83460e+02
1.70000e+02	7.50000e+00	1.69866e+02
1.70000e+02	1.05000e+01	1.39956e+02
1.70000e+02	1.35000e+01	9.90430e+01
1.70000e+02	1.65000e+01	4.33480e+01
1.70000e+02	1.95000e+01	1.84894e+01
1.70000e+02	2.25000e+01	6.09893e+00
1.70000e+02	2.55000e+01	-3.13358e-01
1.70000e+02	2.85000e+01	-2.37507e+00
1.70000e+02	3.15000e+01	1.79564e+00
1.70000e+02	3.45000e+01	8.58550e+00
1.70000e+02	3.75000e+01	6.50541e+00
1.70000e+02	4.05000e+01	1.57076e+01
1.70000e+02	4.35000e+01	2.42604e+01
1.70000e+02	4.65000e+01	2.79209e+01
1.70000e+02	4.95000e+01	2.54426e+01
1.70000e+02	5.25000e+01	1.06566e+01
1.70000e+02	5.55000e+01	5.34736e+00
1.70000e+02	5.85000e+01	3.16913e+00
1.70000e+02	6.15000e+01	2.29674e+00
1.70000e+02	6.45000e+01	3.13517e+00
1.70000e+02	6.75000e+01	8.40328e+00
1.70000e+02	7.05000e+01	1.71820e+01
1.70000e+02	7.35000e+01	2.03805e+01
1.70000e+02	7.65000e+01	3.55166e+01
1.70000e+02	7.95000e+01	4.83014e+01
1.70000e+02	8.25000e+01	5.29135e+01
1.70000e+02	8.55000e+01	4.75046e+01
1.70000e+02	8.85000e+01	2.78392e+01
1.70000e+02	9.15000e+01	2.07651e+01
1.70000e+02	9.45000e+01	1.86908e+01
1.70000e+02	9.75000e+01	1.97117e+01
1.70000e+02	1.00500e+02	2.54299e+01
1.70000e+02	1.03500e+02	4.30510e+01
1.70000e+02	1.06500e+02	6.75905e+01
1.70000e+02	1.09500e+02	7.41580e+01
1.70000e+02	1.12500e+02	1.02179e+02
1.70000e+02	1.15500e+02	1.35599e+02
1.70000e+02	1.18500e+02	1.33212e+01

1.74000e+02	0.00000e+00	5.51084e+01
1.74000e+02	1.50000e+00	2.00564e+02
1.74000e+02	4.50000e+00	1.82852e+02
1.74000e+02	7.50000e+00	1.52717e+02
1.74000e+02	1.05000e+01	1.02926e+02
1.74000e+02	1.35000e+01	4.40554e+01
1.74000e+02	1.65000e+01	1.70690e-21
1.74000e+02	1.95000e+01	8.04240e-22
1.74000e+02	2.25000e+01	8.55331e-22
1.74000e+02	2.55000e+01	8.85277e-22
1.74000e+02	2.85000e+01	1.21147e-21
1.74000e+02	3.15000e+01	1.05194e+01
1.74000e+02	3.45000e+01	3.23160e+01
1.74000e+02	3.75000e+01	3.86456e+01
1.74000e+02	4.05000e+01	4.41752e+01
1.74000e+02	4.35000e+01	4.27345e+01
1.74000e+02	4.65000e+01	3.12628e+01
1.74000e+02	4.95000e+01	1.52307e+01
1.74000e+02	5.25000e+01	5.60227e-22
1.74000e+02	5.55000e+01	5.08080e-22
1.74000e+02	5.85000e+01	6.35900e-22
1.74000e+02	6.15000e+01	6.68616e-22
1.74000e+02	6.45000e+01	8.23619e-22
1.74000e+02	6.75000e+01	7.80384e+00
1.74000e+02	7.05000e+01	2.79345e+01
1.74000e+02	7.35000e+01	3.99472e+01
1.74000e+02	7.65000e+01	5.24420e+01
1.74000e+02	7.95000e+01	5.54910e+01
1.74000e+02	8.25000e+01	4.42382e+01
1.74000e+02	8.55000e+01	2.19233e+01
1.74000e+02	8.85000e+01	1.22271e-21
1.74000e+02	9.15000e+01	8.34595e-22
1.74000e+02	9.45000e+01	9.66209e-22
1.74000e+02	9.75000e+01	1.15003e-21
1.74000e+02	1.00500e+02	2.03569e-21
1.74000e+02	1.03500e+02	2.41661e+01
1.74000e+02	1.06500e+02	7.96487e+01
1.74000e+02	1.09500e+02	1.12094e+02
1.74000e+02	1.12500e+02	1.47376e+02
1.74000e+02	1.15500e+02	1.90591e+02
1.74000e+02	1.18500e+02	3.99553e+01

1.78000e+02	0.00000e+00	6.22667e+01
1.78000e+02	1.50000e+00	2.21847e+02
1.78000e+02	4.50000e+00	1.79074e+02
1.78000e+02	7.50000e+00	1.32407e+02
1.78000e+02	1.05000e+01	5.37892e+01
1.78000e+02	1.35000e+01	2.03854e-21
1.78000e+02	1.65000e+01	1.10870e-21
1.78000e+02	1.95000e+01	1.25282e-21
1.78000e+02	2.25000e+01	1.13834e-21
1.78000e+02	2.55000e+01	9.80287e-22
1.78000e+02	2.85000e+01	7.86529e-22
1.78000e+02	3.15000e+01	1.67205e-21
1.78000e+02	3.45000e+01	2.38076e+01
1.78000e+02	3.75000e+01	5.70308e+01
1.78000e+02	4.05000e+01	6.49943e+01
1.78000e+02	4.35000e+01	5.56572e+01
1.78000e+02	4.65000e+01	2.36759e+01
1.78000e+02	4.95000e+01	1.08919e-21
1.78000e+02	5.25000e+01	7.80697e-22
1.78000e+02	5.55000e+01	8.74898e-22
1.78000e+02	5.85000e+01	8.69298e-22
1.78000e+02	6.15000e+01	8.57277e-22
1.78000e+02	6.45000e+01	9.17953e-22
1.78000e+02	6.75000e+01	1.83875e-21
1.78000e+02	7.05000e+01	2.41674e+01
1.78000e+02	7.35000e+01	5.84831e+01
1.78000e+02	7.65000e+01	7.08784e+01
1.78000e+02	7.95000e+01	6.27537e+01
1.78000e+02	8.25000e+01	2.75282e+01
1.78000e+02	8.55000e+01	1.76319e-21
1.78000e+02	8.85000e+01	8.24954e-22
1.78000e+02	9.15000e+01	8.40502e-22
1.78000e+02	9.45000e+01	8.65345e-22
1.78000e+02	9.75000e+01	8.81459e-22
1.78000e+02	1.00500e+02	8.53267e-22
1.78000e+02	1.03500e+02	3.09062e-21
1.78000e+02	1.06500e+02	5.23119e+01
1.78000e+02	1.09500e+02	1.36463e+02
1.78000e+02	1.12500e+02	1.90314e+02
1.78000e+02	1.15500e+02	2.44293e+02
1.78000e+02	1.18500e+02	6.86379e+01

1.82000e+02	0.00000e+00	6.44082e+01
1.82000e+02	1.50000e+00	2.28523e+02
1.82000e+02	4.50000e+00	1.72208e+02
1.82000e+02	7.50000e+00	1.12898e+02
1.82000e+02	1.05000e+01	3.78196e+01
1.82000e+02	1.35000e+01	-2.51897e-21
1.82000e+02	1.65000e+01	2.77315e-21
1.82000e+02	1.95000e+01	2.16114e-21
1.82000e+02	2.25000e+01	1.49880e-21
1.82000e+02	2.55000e+01	1.13876e-21
1.82000e+02	2.85000e+01	8.84810e-22
1.82000e+02	3.15000e+01	1.21350e-21
1.82000e+02	3.45000e+01	2.26077e+01
1.82000e+02	3.75000e+01	5.64608e+01
1.82000e+02	4.05000e+01	6.88363e+01
1.82000e+02	4.35000e+01	5.71495e+01
1.82000e+02	4.65000e+01	2.23119e+01
1.82000e+02	4.95000e+01	-1.13632e-21
1.82000e+02	5.25000e+01	1.92604e-21
1.82000e+02	5.55000e+01	1.41914e-21
1.82000e+02	5.85000e+01	1.11411e-21
1.82000e+02	6.15000e+01	9.16688e-22
1.82000e+02	6.45000e+01	7.56929e-22
1.82000e+02	6.75000e+01	9.63641e-22
1.82000e+02	7.05000e+01	2.41374e+01
1.82000e+02	7.35000e+01	7.05343e+01
1.82000e+02	7.65000e+01	8.21498e+01
1.82000e+02	7.95000e+01	6.64230e+01
1.82000e+02	8.25000e+01	2.67963e+01
1.82000e+02	8.55000e+01	8.89680e-22
1.82000e+02	8.85000e+01	8.32410e-22
1.82000e+02	9.15000e+01	8.29881e-22
1.82000e+02	9.45000e+01	7.79996e-22
1.82000e+02	9.75000e+01	6.91621e-22
1.82000e+02	1.00500e+02	4.81118e-22
1.82000e+02	1.03500e+02	1.26628e-21
1.82000e+02	1.06500e+02	4.70960e+01
1.82000e+02	1.09500e+02	1.52826e+02
1.82000e+02	1.12500e+02	2.21791e+02
1.82000e+02	1.15500e+02	2.79437e+02
1.82000e+02	1.18500e+02	9.04607e+01

1.86000e+02	0.00000e+00	6.45208e+01
1.86000e+02	1.50000e+00	2.28750e+02
1.86000e+02	4.50000e+00	1.58099e+02
1.86000e+02	7.50000e+00	9.14936e+01
1.86000e+02	1.05000e+01	1.30377e+01
1.86000e+02	1.35000e+01	-2.19807e+01
1.86000e+02	1.65000e+01	8.12807e-22
1.86000e+02	1.95000e+01	3.15903e-21
1.86000e+02	2.25000e+01	1.32184e-21
1.86000e+02	2.55000e+01	1.10861e-21
1.86000e+02	2.85000e+01	8.67110e-22
1.86000e+02	3.15000e+01	7.31883e-22
1.86000e+02	3.45000e+01	2.26170e+01
1.86000e+02	3.75000e+01	6.58663e+01
1.86000e+02	4.05000e+01	7.58612e+01
1.86000e+02	4.35000e+01	5.86050e+01
1.86000e+02	4.65000e+01	1.78436e+01
1.86000e+02	4.95000e+01	-7.83952e+00
1.86000e+02	5.25000e+01	1.37099e-21
1.86000e+02	5.55000e+01	1.60453e-21
1.86000e+02	5.85000e+01	1.16762e-21
1.86000e+02	6.15000e+01	9.09144e-22
1.86000e+02	6.45000e+01	9.26102e-22
1.86000e+02	6.75000e+01	1.97609e-21
1.86000e+02	7.05000e+01	3.26219e+01
1.86000e+02	7.35000e+01	8.30231e+01
1.86000e+02	7.65000e+01	8.78745e+01
1.86000e+02	7.95000e+01	6.65254e+01
1.86000e+02	8.25000e+01	2.54124e+01
1.86000e+02	8.55000e+01	-7.93346e-22
1.86000e+02	8.85000e+01	1.82570e-21
1.86000e+02	9.15000e+01	9.03447e-22
1.86000e+02	9.45000e+01	7.63076e-22
1.86000e+02	9.75000e+01	7.18897e-22
1.86000e+02	1.00500e+02	2.58828e-22
1.86000e+02	1.03500e+02	5.12498e-21
1.86000e+02	1.06500e+02	6.88783e+01
1.86000e+02	1.09500e+02	1.88725e+02
1.86000e+02	1.12500e+02	2.49187e+02
1.86000e+02	1.15500e+02	2.96454e+02
1.86000e+02	1.18500e+02	1.03459e+02

1.90000e+02	0.00000e+00	6.26639e+01
1.90000e+02	1.50000e+00	2.22594e+02
1.90000e+02	4.50000e+00	1.41785e+02
1.90000e+02	7.50000e+00	7.56438e+01
1.90000e+02	1.05000e+01	-9.86680e+00
1.90000e+02	1.35000e+01	-5.44397e+01
1.90000e+02	1.65000e+01	-2.28826e+01
1.90000e+02	1.95000e+01	-7.78236e+00
1.90000e+02	2.25000e+01	-1.71077e-22
1.90000e+02	2.55000e+01	1.12875e-21
1.90000e+02	2.85000e+01	1.75830e-21
1.90000e+02	3.15000e+01	3.73987e+00
1.90000e+02	3.45000e+01	3.34848e+01
1.90000e+02	3.75000e+01	7.85360e+01
1.90000e+02	4.05000e+01	8.25061e+01
1.90000e+02	4.35000e+01	6.13339e+01
1.90000e+02	4.65000e+01	1.64475e+01
1.90000e+02	4.95000e+01	-1.36549e+01
1.90000e+02	5.25000e+01	-3.87286e+00
1.90000e+02	5.55000e+01	4.55723e-22
1.90000e+02	5.85000e+01	9.03912e-22
1.90000e+02	6.15000e+01	4.11944e-22
1.90000e+02	6.45000e+01	1.27866e-21
1.90000e+02	6.75000e+01	1.48381e+01
1.90000e+02	7.05000e+01	4.87081e+01
1.90000e+02	7.35000e+01	7.35155e+01
1.90000e+02	7.65000e+01	7.40525e+01
1.90000e+02	7.95000e+01	5.25675e+01
1.90000e+02	8.25000e+01	1.30624e+01
1.90000e+02	8.55000e+01	-1.08150e+01
1.90000e+02	8.85000e+01	-3.80354e+00
1.90000e+02	9.15000e+01	2.86258e-22
1.90000e+02	9.45000e+01	5.75148e-22
1.90000e+02	9.75000e+01	1.78412e-21
1.90000e+02	1.00500e+02	6.43871e+00
1.90000e+02	1.03500e+02	4.18175e+01
1.90000e+02	1.06500e+02	1.22147e+02
1.90000e+02	1.09500e+02	1.98289e+02
1.90000e+02	1.12500e+02	2.46106e+02
1.90000e+02	1.15500e+02	2.79833e+02
1.90000e+02	1.18500e+02	9.86086e+01

1.94000e+02	0.00000e+00	5.57731e+01
1.94000e+02	1.50000e+00	2.01643e+02
1.94000e+02	4.50000e+00	1.27801e+02
1.94000e+02	7.50000e+00	6.90625e+01
1.94000e+02	1.05000e+01	7.60764e+00
1.94000e+02	1.35000e+01	-4.21589e+01
1.94000e+02	1.65000e+01	-4.90383e+01
1.94000e+02	1.95000e+01	-2.47003e+01
1.94000e+02	2.25000e+01	-9.53703e+00
1.94000e+02	2.55000e+01	-1.24256e+00
1.94000e+02	2.85000e+01	4.90254e+00
1.94000e+02	3.15000e+01	2.15792e+01
1.94000e+02	3.45000e+01	5.21525e+01
1.94000e+02	3.75000e+01	7.33982e+01
1.94000e+02	4.05000e+01	7.35768e+01
1.94000e+02	4.35000e+01	5.56877e+01
1.94000e+02	4.65000e+01	2.58010e+01
1.94000e+02	4.95000e+01	-7.13906e-01
1.94000e+02	5.25000e+01	-7.18348e+00
1.94000e+02	5.55000e+01	-2.14919e+00
1.94000e+02	5.85000e+01	-7.65663e-02
1.94000e+02	6.15000e+01	1.27330e+00
1.94000e+02	6.45000e+01	9.86598e+00
1.94000e+02	6.75000e+01	2.96189e+01
1.94000e+02	7.05000e+01	4.85525e+01
1.94000e+02	7.35000e+01	5.97361e+01
1.94000e+02	7.65000e+01	5.66716e+01
1.94000e+02	7.95000e+01	3.78610e+01
1.94000e+02	8.25000e+01	1.14454e+00
1.94000e+02	8.55000e+01	-2.27332e+01
1.94000e+02	8.85000e+01	-1.29367e+01
1.94000e+02	9.15000e+01	-5.85633e+00
1.94000e+02	9.45000e+01	-3.14711e-01
1.94000e+02	9.75000e+01	6.86166e+00
1.94000e+02	1.00500e+02	3.68497e+01
1.94000e+02	1.03500e+02	9.35079e+01
1.94000e+02	1.06500e+02	1.48266e+02
1.94000e+02	1.09500e+02	1.96502e+02
1.94000e+02	1.12500e+02	2.27800e+02
1.94000e+02	1.15500e+02	2.45648e+02
1.94000e+02	1.18500e+02	8.41138e+01

1.98000e+02	0.00000e+00	4.64727e+01
1.98000e+02	1.50000e+00	1.73482e+02
1.98000e+02	4.50000e+00	1.19358e+02
1.98000e+02	7.50000e+00	7.25743e+01
1.98000e+02	1.05000e+01	2.61670e+01
1.98000e+02	1.35000e+01	-1.06646e+01
1.98000e+02	1.65000e+01	-2.57245e+01
1.98000e+02	1.95000e+01	-2.55689e+01
1.98000e+02	2.25000e+01	-1.90874e+01
1.98000e+02	2.55000e+01	4.82287e-01
1.98000e+02	2.85000e+01	1.90324e+01
1.98000e+02	3.15000e+01	3.48749e+01
1.98000e+02	3.45000e+01	5.26417e+01
1.98000e+02	3.75000e+01	6.34386e+01
1.98000e+02	4.05000e+01	6.20609e+01
1.98000e+02	4.35000e+01	4.93186e+01
1.98000e+02	4.65000e+01	2.97863e+01
1.98000e+02	4.95000e+01	1.11905e+01
1.98000e+02	5.25000e+01	-3.69009e-01
1.98000e+02	5.55000e+01	-2.93861e+00
1.98000e+02	5.85000e+01	2.11492e-01
1.98000e+02	6.15000e+01	6.60461e+00
1.98000e+02	6.45000e+01	1.87418e+01
1.98000e+02	6.75000e+01	3.07633e+01
1.98000e+02	7.05000e+01	4.04244e+01
1.98000e+02	7.35000e+01	4.40633e+01
1.98000e+02	7.65000e+01	3.86471e+01
1.98000e+02	7.95000e+01	2.36964e+01
1.98000e+02	8.25000e+01	2.27023e+00
1.98000e+02	8.55000e+01	-1.24428e+01
1.98000e+02	8.85000e+01	-1.49704e+01
1.98000e+02	9.15000e+01	-1.19393e+01
1.98000e+02	9.45000e+01	5.62300e+00
1.98000e+02	9.75000e+01	3.20178e+01
1.98000e+02	1.00500e+02	6.41443e+01
1.98000e+02	1.03500e+02	1.06964e+02
1.98000e+02	1.06500e+02	1.48113e+02
1.98000e+02	1.09500e+02	1.81411e+02
1.98000e+02	1.12500e+02	2.00970e+02
1.98000e+02	1.15500e+02	2.07052e+02
1.98000e+02	1.18500e+02	6.73435e+01

2.02000e+02	0.00000e+00	3.79662e+01
2.02000e+02	1.50000e+00	1.46980e+02
2.02000e+02	4.50000e+00	1.14109e+02
2.02000e+02	7.50000e+00	8.05510e+01
2.02000e+02	1.05000e+01	4.62489e+01
2.02000e+02	1.35000e+01	1.79106e+01
2.02000e+02	1.65000e+01	1.00947e+00
2.02000e+02	1.95000e+01	-4.99995e+00
2.02000e+02	2.25000e+01	-1.87339e+00
2.02000e+02	2.55000e+01	1.03773e+01
2.02000e+02	2.85000e+01	2.49267e+01
2.02000e+02	3.15000e+01	3.79998e+01
2.02000e+02	3.45000e+01	4.89195e+01
2.02000e+02	3.75000e+01	5.44523e+01
2.02000e+02	4.05000e+01	5.24849e+01
2.02000e+02	4.35000e+01	4.35343e+01
2.02000e+02	4.65000e+01	3.03788e+01
2.02000e+02	4.95000e+01	1.71427e+01
2.02000e+02	5.25000e+01	7.44263e+00
2.02000e+02	5.55000e+01	3.36828e+00
2.02000e+02	5.85000e+01	4.53609e+00
2.02000e+02	6.15000e+01	9.55058e+00
2.02000e+02	6.45000e+01	1.74083e+01
2.02000e+02	6.75000e+01	2.47976e+01
2.02000e+02	7.05000e+01	2.96737e+01
2.02000e+02	7.35000e+01	3.01675e+01
2.02000e+02	7.65000e+01	2.51632e+01
2.02000e+02	7.95000e+01	1.52155e+01
2.02000e+02	8.25000e+01	3.25431e+00
2.02000e+02	8.55000e+01	-5.04151e+00
2.02000e+02	8.85000e+01	-6.22431e+00
2.02000e+02	9.15000e+01	4.73535e-01
2.02000e+02	9.45000e+01	1.79186e+01
2.02000e+02	9.75000e+01	4.33747e+01
2.02000e+02	1.00500e+02	7.33348e+01
2.02000e+02	1.03500e+02	1.06438e+02
2.02000e+02	1.06500e+02	1.37126e+02
2.02000e+02	1.09500e+02	1.60564e+02
2.02000e+02	1.12500e+02	1.72572e+02
2.02000e+02	1.15500e+02	1.72067e+02
2.02000e+02	1.18500e+02	5.23641e+01

2.06000e+02	0.00000e+00	3.17372e+01
2.06000e+02	1.50000e+00	1.26629e+02
2.06000e+02	4.50000e+00	1.10267e+02
2.06000e+02	7.50000e+00	8.83515e+01
2.06000e+02	1.05000e+01	6.40197e+01
2.06000e+02	1.35000e+01	4.24096e+01
2.06000e+02	1.65000e+01	2.71147e+01
2.06000e+02	1.95000e+01	1.92642e+01
2.06000e+02	2.25000e+01	1.86111e+01
2.06000e+02	2.55000e+01	2.40180e+01
2.06000e+02	2.85000e+01	3.21400e+01
2.06000e+02	3.15000e+01	4.00590e+01
2.06000e+02	3.45000e+01	4.59764e+01
2.06000e+02	3.75000e+01	4.81658e+01
2.06000e+02	4.05000e+01	4.56947e+01
2.06000e+02	4.35000e+01	3.89689e+01
2.06000e+02	4.65000e+01	2.96355e+01
2.06000e+02	4.95000e+01	2.00456e+01
2.06000e+02	5.25000e+01	1.24208e+01
2.06000e+02	5.55000e+01	8.20771e+00
2.06000e+02	5.85000e+01	7.61759e+00
2.06000e+02	6.15000e+01	9.92501e+00
2.06000e+02	6.45000e+01	1.39230e+01
2.06000e+02	6.75000e+01	1.77539e+01
2.06000e+02	7.05000e+01	1.99329e+01
2.06000e+02	7.35000e+01	1.94318e+01
2.06000e+02	7.65000e+01	1.59489e+01
2.06000e+02	7.95000e+01	1.02670e+01
2.06000e+02	8.25000e+01	4.42115e+00
2.06000e+02	8.55000e+01	1.34506e+00
2.06000e+02	8.85000e+01	3.39714e+00
2.06000e+02	9.15000e+01	1.19500e+01
2.06000e+02	9.45000e+01	2.77781e+01
2.06000e+02	9.75000e+01	4.94068e+01
2.06000e+02	1.00500e+02	7.43118e+01
2.06000e+02	1.03500e+02	9.99782e+01
2.06000e+02	1.06500e+02	1.22906e+02
2.06000e+02	1.09500e+02	1.39657e+02
2.06000e+02	1.12500e+02	1.47269e+02
2.06000e+02	1.15500e+02	1.44269e+02
2.06000e+02	1.18500e+02	4.06956e+01

2.10000e+02	0.00000e+00	2.78975e+01
2.10000e+02	1.50000e+00	1.13282e+02
2.10000e+02	4.50000e+00	1.07624e+02
2.10000e+02	7.50000e+00	9.46173e+01
2.10000e+02	1.05000e+01	7.81745e+01
2.10000e+02	1.35000e+01	6.21370e+01
2.10000e+02	1.65000e+01	4.92471e+01
2.10000e+02	1.95000e+01	4.08866e+01
2.10000e+02	2.25000e+01	3.72804e+01
2.10000e+02	2.55000e+01	3.76529e+01
2.10000e+02	2.85000e+01	4.02474e+01
2.10000e+02	3.15000e+01	4.31859e+01
2.10000e+02	3.45000e+01	4.49720e+01
2.10000e+02	3.75000e+01	4.44939e+01
2.10000e+02	4.05000e+01	4.12466e+01
2.10000e+02	4.35000e+01	3.54985e+01
2.10000e+02	4.65000e+01	2.82171e+01
2.10000e+02	4.95000e+01	2.07688e+01
2.10000e+02	5.25000e+01	1.44903e+01
2.10000e+02	5.55000e+01	1.03048e+01
2.10000e+02	5.85000e+01	8.47334e+00
2.10000e+02	6.15000e+01	8.63262e+00
2.10000e+02	6.45000e+01	9.98535e+00
2.10000e+02	6.75000e+01	1.14795e+01
2.10000e+02	7.05000e+01	1.22119e+01
2.10000e+02	7.35000e+01	1.16445e+01
2.10000e+02	7.65000e+01	9.78057e+00
2.10000e+02	7.95000e+01	7.29387e+00
2.10000e+02	8.25000e+01	5.50635e+00
2.10000e+02	8.55000e+01	6.09829e+00
2.10000e+02	8.85000e+01	1.05395e+01
2.10000e+02	9.15000e+01	1.97294e+01
2.10000e+02	9.45000e+01	3.38065e+01
2.10000e+02	9.75000e+01	5.17743e+01
2.10000e+02	1.00500e+02	7.18350e+01
2.10000e+02	1.03500e+02	9.18219e+01
2.10000e+02	1.06500e+02	1.09252e+02
2.10000e+02	1.09500e+02	1.21711e+02
2.10000e+02	1.12500e+02	1.27177e+02
2.10000e+02	1.15500e+02	1.24288e+02
2.10000e+02	1.18500e+02	3.23879e+01

2.14000e+02	0.00000e+00	2.59838e+01
2.14000e+02	1.50000e+00	1.06023e+02
2.14000e+02	4.50000e+00	1.06525e+02
2.14000e+02	7.50000e+00	9.96549e+01
2.14000e+02	1.05000e+01	8.89678e+01
2.14000e+02	1.35000e+01	7.72148e+01
2.14000e+02	1.65000e+01	6.65133e+01
2.14000e+02	1.95000e+01	5.81437e+01
2.14000e+02	2.25000e+01	5.25482e+01
2.14000e+02	2.55000e+01	4.94190e+01
2.14000e+02	2.85000e+01	4.78674e+01
2.14000e+02	3.15000e+01	4.68017e+01
2.14000e+02	3.45000e+01	4.52430e+01
2.14000e+02	3.75000e+01	4.24864e+01
2.14000e+02	4.05000e+01	3.82286e+01
2.14000e+02	4.35000e+01	3.26275e+01
2.14000e+02	4.65000e+01	2.62445e+01
2.14000e+02	4.95000e+01	1.98730e+01
2.14000e+02	5.25000e+01	1.43049e+01
2.14000e+02	5.55000e+01	1.01107e+01
2.14000e+02	5.85000e+01	7.49869e+00
2.14000e+02	6.15000e+01	6.30407e+00
2.14000e+02	6.45000e+01	6.08323e+00
2.14000e+02	6.75000e+01	6.26519e+00
2.14000e+02	7.05000e+01	6.35865e+00
2.14000e+02	7.35000e+01	6.11334e+00
2.14000e+02	7.65000e+01	5.63036e+00
2.14000e+02	7.95000e+01	5.40621e+00
2.14000e+02	8.25000e+01	6.27388e+00
2.14000e+02	8.55000e+01	9.21468e+00
2.14000e+02	8.85000e+01	1.50751e+01
2.14000e+02	9.15000e+01	2.43209e+01
2.14000e+02	9.45000e+01	3.68618e+01
2.14000e+02	9.75000e+01	5.19427e+01
2.14000e+02	1.00500e+02	6.82646e+01
2.14000e+02	1.03500e+02	8.42015e+01
2.14000e+02	1.06500e+02	9.79823e+01
2.14000e+02	1.09500e+02	1.07933e+02
2.14000e+02	1.12500e+02	1.12716e+02
2.14000e+02	1.15500e+02	1.11301e+02
2.14000e+02	1.18500e+02	2.68717e+01

2.18000e+02	0.00000e+00	2.54590e+01
2.18000e+02	1.50000e+00	1.03463e+02
2.18000e+02	4.50000e+00	1.07164e+02
2.18000e+02	7.50000e+00	1.04063e+02
2.18000e+02	1.05000e+01	9.71017e+01
2.18000e+02	1.35000e+01	8.82407e+01
2.18000e+02	1.65000e+01	7.91138e+01
2.18000e+02	1.95000e+01	7.08264e+01
2.18000e+02	2.25000e+01	6.39099e+01
2.18000e+02	2.55000e+01	5.83774e+01
2.18000e+02	2.85000e+01	5.38551e+01
2.18000e+02	3.15000e+01	4.97859e+01
2.18000e+02	3.45000e+01	4.56217e+01
2.18000e+02	3.75000e+01	4.09608e+01
2.18000e+02	4.05000e+01	3.56357e+01
2.18000e+02	4.35000e+01	2.97442e+01
2.18000e+02	4.65000e+01	2.36133e+01
2.18000e+02	4.95000e+01	1.77030e+01
2.18000e+02	5.25000e+01	1.24783e+01
2.18000e+02	5.55000e+01	8.28626e+00
2.18000e+02	5.85000e+01	5.27662e+00
2.18000e+02	6.15000e+01	3.38792e+00
2.18000e+02	6.45000e+01	2.39752e+00
2.18000e+02	6.75000e+01	2.01503e+00
2.18000e+02	7.05000e+01	1.99800e+00
2.18000e+02	7.35000e+01	2.25149e+00
2.18000e+02	7.65000e+01	2.89150e+00
2.18000e+02	7.95000e+01	4.25720e+00
2.18000e+02	8.25000e+01	6.85837e+00
2.18000e+02	8.55000e+01	1.12566e+01
2.18000e+02	8.85000e+01	1.79049e+01
2.18000e+02	9.15000e+01	2.69945e+01
2.18000e+02	9.45000e+01	3.83449e+01
2.18000e+02	9.75000e+01	5.13606e+01
2.18000e+02	1.00500e+02	6.50899e+01
2.18000e+02	1.03500e+02	7.83535e+01
2.18000e+02	1.06500e+02	8.98977e+01
2.18000e+02	1.09500e+02	9.85704e+01
2.18000e+02	1.12500e+02	1.03499e+02
2.18000e+02	1.15500e+02	1.04071e+02
2.18000e+02	1.18500e+02	2.34760e+01

2.22000e+02	0.00000e+00	2.59016e+01
2.22000e+02	1.50000e+00	1.04331e+02
2.22000e+02	4.50000e+00	1.09351e+02
2.22000e+02	7.50000e+00	1.08063e+02
2.22000e+02	1.05000e+01	1.02998e+02
2.22000e+02	1.35000e+01	9.56760e+01
2.22000e+02	1.65000e+01	8.73837e+01
2.22000e+02	1.95000e+01	7.90385e+01
2.22000e+02	2.25000e+01	7.11680e+01
2.22000e+02	2.55000e+01	6.39563e+01
2.22000e+02	2.85000e+01	5.73319e+01
2.22000e+02	3.15000e+01	5.10827e+01
2.22000e+02	3.45000e+01	4.49680e+01
2.22000e+02	3.75000e+01	3.88080e+01
2.22000e+02	4.05000e+01	3.25408e+01
2.22000e+02	4.35000e+01	2.62431e+01
2.22000e+02	4.65000e+01	2.01124e+01
2.22000e+02	4.95000e+01	1.44167e+01
2.22000e+02	5.25000e+01	9.42655e+00
2.22000e+02	5.55000e+01	5.34924e+00
2.22000e+02	5.85000e+01	2.28579e+00
2.22000e+02	6.15000e+01	2.22094e-01
2.22000e+02	6.45000e+01	-9.44322e-01
2.22000e+02	6.75000e+01	-1.35112e+00
2.22000e+02	7.05000e+01	-1.10655e+00
2.22000e+02	7.35000e+01	-2.32501e-01
2.22000e+02	7.65000e+01	1.36943e+00
2.22000e+02	7.95000e+01	3.91842e+00
2.22000e+02	8.25000e+01	7.71556e+00
2.22000e+02	8.55000e+01	1.30689e+01
2.22000e+02	8.85000e+01	2.01976e+01
2.22000e+02	9.15000e+01	2.91391e+01
2.22000e+02	9.45000e+01	3.96835e+01
2.22000e+02	9.75000e+01	5.13532e+01
2.22000e+02	1.00500e+02	6.34382e+01
2.22000e+02	1.03500e+02	7.50797e+01
2.22000e+02	1.06500e+02	8.53822e+01
2.22000e+02	1.09500e+02	9.35412e+01
2.22000e+02	1.12500e+02	9.89716e+01
2.22000e+02	1.15500e+02	1.01536e+02
2.22000e+02	1.18500e+02	2.17023e+01

2.26000e+02	0.00000e+00	2.70263e+01
2.26000e+02	1.50000e+00	1.07604e+02
2.26000e+02	4.50000e+00	1.12390e+02
2.26000e+02	7.50000e+00	1.11179e+02
2.26000e+02	1.05000e+01	1.06419e+02
2.26000e+02	1.35000e+01	9.94647e+01
2.26000e+02	1.65000e+01	9.13288e+01
2.26000e+02	1.95000e+01	8.27147e+01
2.26000e+02	2.25000e+01	7.40724e+01
2.26000e+02	2.55000e+01	6.56505e+01
2.26000e+02	2.85000e+01	5.75485e+01
2.26000e+02	3.15000e+01	4.97723e+01
2.26000e+02	3.45000e+01	4.22893e+01
2.26000e+02	3.75000e+01	3.50752e+01
2.26000e+02	4.05000e+01	2.81474e+01
2.26000e+02	4.35000e+01	2.15794e+01
2.26000e+02	4.65000e+01	1.54965e+01
2.26000e+02	4.95000e+01	1.00534e+01
2.26000e+02	5.25000e+01	5.40224e+00
2.26000e+02	5.55000e+01	1.66075e+00
2.26000e+02	5.85000e+01	-1.10939e+00
2.26000e+02	6.15000e+01	-2.90708e+00
2.26000e+02	6.45000e+01	-3.77743e+00
2.26000e+02	6.75000e+01	-3.78296e+00
2.26000e+02	7.05000e+01	-2.96833e+00
2.26000e+02	7.35000e+01	-1.32940e+00
2.26000e+02	7.65000e+01	1.20409e+00
2.26000e+02	7.95000e+01	4.76506e+00
2.26000e+02	8.25000e+01	9.52211e+00
2.26000e+02	8.55000e+01	1.56317e+01
2.26000e+02	8.85000e+01	2.31786e+01
2.26000e+02	9.15000e+01	3.21192e+01
2.26000e+02	9.45000e+01	4.22411e+01
2.26000e+02	9.75000e+01	5.31528e+01
2.26000e+02	1.00500e+02	6.43083e+01
2.26000e+02	1.03500e+02	7.50651e+01
2.26000e+02	1.06500e+02	8.47643e+01
2.26000e+02	1.09500e+02	9.28213e+01
2.26000e+02	1.12500e+02	9.88106e+01
2.26000e+02	1.15500e+02	1.03146e+02
2.26000e+02	1.18500e+02	2.14275e+01

2.30000e+02	0.00000e+00	2.86233e+01
2.30000e+02	1.50000e+00	1.12377e+02
2.30000e+02	4.50000e+00	1.14811e+02
2.30000e+02	7.50000e+00	1.12023e+02
2.30000e+02	1.05000e+01	1.06347e+02
2.30000e+02	1.35000e+01	9.89597e+01
2.30000e+02	1.65000e+01	9.05196e+01
2.30000e+02	1.95000e+01	8.14712e+01
2.30000e+02	2.25000e+01	7.21558e+01
2.30000e+02	2.55000e+01	6.28438e+01
2.30000e+02	2.85000e+01	5.37407e+01
2.30000e+02	3.15000e+01	4.49941e+01
2.30000e+02	3.45000e+01	3.67063e+01
2.30000e+02	3.75000e+01	2.89512e+01
2.30000e+02	4.05000e+01	2.17931e+01
2.30000e+02	4.35000e+01	1.52992e+01
2.30000e+02	4.65000e+01	9.54561e+00
2.30000e+02	4.95000e+01	4.61341e+00
2.30000e+02	5.25000e+01	5.78083e-01
2.30000e+02	5.55000e+01	-2.50297e+00
2.30000e+02	5.85000e+01	-4.60005e+00
2.30000e+02	6.15000e+01	-5.71322e+00
2.30000e+02	6.45000e+01	-5.86525e+00
2.30000e+02	6.75000e+01	-5.08672e+00
2.30000e+02	7.05000e+01	-3.39740e+00
2.30000e+02	7.35000e+01	-7.89837e-01
2.30000e+02	7.65000e+01	2.77884e+00
2.30000e+02	7.95000e+01	7.38238e+00
2.30000e+02	8.25000e+01	1.31061e+01
2.30000e+02	8.55000e+01	2.00149e+01
2.30000e+02	8.85000e+01	2.81136e+01
2.30000e+02	9.15000e+01	3.73103e+01
2.30000e+02	9.45000e+01	4.73910e+01
2.30000e+02	9.75000e+01	5.80158e+01
2.30000e+02	1.00500e+02	6.87406e+01
2.30000e+02	1.03500e+02	7.90649e+01
2.30000e+02	1.06500e+02	8.84960e+01
2.30000e+02	1.09500e+02	9.66137e+01
2.30000e+02	1.12500e+02	1.03108e+02
2.30000e+02	1.15500e+02	1.09052e+02
2.30000e+02	1.18500e+02	2.31919e+01

2.34000e+02	0.00000e+00	3.04418e+01
2.34000e+02	1.50000e+00	1.17579e+02
2.34000e+02	4.50000e+00	1.13600e+02
2.34000e+02	7.50000e+00	1.08256e+02
2.34000e+02	1.05000e+01	1.01349e+02
2.34000e+02	1.35000e+01	9.32742e+01
2.34000e+02	1.65000e+01	8.42699e+01
2.34000e+02	1.95000e+01	7.46135e+01
2.34000e+02	2.25000e+01	6.46309e+01
2.34000e+02	2.55000e+01	5.46538e+01
2.34000e+02	2.85000e+01	4.49771e+01
2.34000e+02	3.15000e+01	3.58332e+01
2.34000e+02	3.45000e+01	2.73859e+01
2.34000e+02	3.75000e+01	1.97397e+01
2.34000e+02	4.05000e+01	1.29570e+01
2.34000e+02	4.35000e+01	7.07680e+00
2.34000e+02	4.65000e+01	2.12852e+00
2.34000e+02	4.95000e+01	-1.86080e+00
2.34000e+02	5.25000e+01	-4.86667e+00
2.34000e+02	5.55000e+01	-6.87153e+00
2.34000e+02	5.85000e+01	-7.86965e+00
2.34000e+02	6.15000e+01	-7.86892e+00
2.34000e+02	6.45000e+01	-6.88746e+00
2.34000e+02	6.75000e+01	-4.94528e+00
2.34000e+02	7.05000e+01	-2.05356e+00
2.34000e+02	7.35000e+01	1.79429e+00
2.34000e+02	7.65000e+01	6.62543e+00
2.34000e+02	7.95000e+01	1.24806e+01
2.34000e+02	8.25000e+01	1.93960e+01
2.34000e+02	8.55000e+01	2.73769e+01
2.34000e+02	8.85000e+01	3.63662e+01
2.34000e+02	9.15000e+01	4.62177e+01
2.34000e+02	9.45000e+01	5.66821e+01
2.34000e+02	9.75000e+01	6.74132e+01
2.34000e+02	1.00500e+02	7.80002e+01
2.34000e+02	1.03500e+02	8.80267e+01
2.34000e+02	1.06500e+02	9.71497e+01
2.34000e+02	1.09500e+02	1.05180e+02
2.34000e+02	1.12500e+02	1.12111e+02
2.34000e+02	1.15500e+02	1.20025e+02
2.34000e+02	1.18500e+02	2.89236e+01

2.38000e+02	0.00000e+00	3.19764e+01
2.38000e+02	1.50000e+00	1.21535e+02
2.38000e+02	4.50000e+00	1.11800e+02
2.38000e+02	7.50000e+00	1.04969e+02
2.38000e+02	1.05000e+01	9.75850e+01
2.38000e+02	1.35000e+01	8.92112e+01
2.38000e+02	1.65000e+01	7.98520e+01
2.38000e+02	1.95000e+01	6.97712e+01
2.38000e+02	2.25000e+01	5.93524e+01
2.38000e+02	2.55000e+01	4.89969e+01
2.38000e+02	2.85000e+01	3.90560e+01
2.38000e+02	3.15000e+01	2.97968e+01
2.38000e+02	3.45000e+01	2.13956e+01
2.38000e+02	3.75000e+01	1.39510e+01
2.38000e+02	4.05000e+01	7.50678e+00
2.38000e+02	4.35000e+01	2.07662e+00
2.38000e+02	4.65000e+01	-2.33730e+00
2.38000e+02	4.95000e+01	-5.73339e+00
2.38000e+02	5.25000e+01	-8.10845e+00
2.38000e+02	5.55000e+01	-9.46086e+00
2.38000e+02	5.85000e+01	-9.79534e+00
2.38000e+02	6.15000e+01	-9.12513e+00
2.38000e+02	6.45000e+01	-7.46959e+00
2.38000e+02	6.75000e+01	-4.84709e+00
2.38000e+02	7.05000e+01	-1.26585e+00
2.38000e+02	7.35000e+01	3.28318e+00
2.38000e+02	7.65000e+01	8.82687e+00
2.38000e+02	7.95000e+01	1.54007e+01
2.38000e+02	8.25000e+01	2.30287e+01
2.38000e+02	8.55000e+01	3.16952e+01
2.38000e+02	8.85000e+01	4.13137e+01
2.38000e+02	9.15000e+01	5.17020e+01
2.38000e+02	9.45000e+01	6.25715e+01
2.38000e+02	9.75000e+01	7.35403e+01
2.38000e+02	1.00500e+02	8.41756e+01
2.38000e+02	1.03500e+02	9.40680e+01
2.38000e+02	1.06500e+02	1.02939e+02
2.38000e+02	1.09500e+02	1.10781e+02
2.38000e+02	1.12500e+02	1.18046e+02
2.38000e+02	1.15500e+02	1.28391e+02
2.38000e+02	1.18500e+02	3.37882e+01

