0.00000e+00	0.00000e+00	0.00000e+00
0.00000e+00	2.50000e-03	7.40625e-02
0.00000e+00	7.50000e-03	2.16563e-01
0.00000e+00	1.25000e-02	3.51563e-01
0.00000e+00	1.75000e-02	4.79063e-01
0.00000e+00	2.25000e-02	5.99063e-01
0.00000e+00	2.75000e-02	7.11562e-01
0.00000e+00	3.25000e-02	8.16562e-01
0.00000e+00	3.75000e-02	9.14063e-01
0.00000e+00	4.25000e-02	1.00406e+00
0.00000e+00	4.75000e-02	1.08656e+00
0.00000e+00	5.25000e-02	1.16156e+00
0.00000e+00	5.75000e-02	1.22906e+00
0.00000e+00	6.25000e-02	1.28906e+00
0.00000e+00	6.75000e-02	1.34156e+00
0.00000e+00	7.25000e-02	1.38656e+00
0.00000e+00	7.75000e-02	1.42406e+00
0.00000e+00	8.25000e-02	1.45406e+00
0.00000e+00	8.75000e-02	1.47656e+00
0.00000e+00	9.25000e-02	1.49156e+00
0.00000e+00	9.75000e-02	1.49906e+00
0.00000e+00	1.02500e-01	1.49906e+00
0.00000e+00	1.07500e-01	1.49156e+00
0.00000e+00	1.12500e-01	1.47656e+00
0.00000e+00	1.17500e-01	1.45406e+00
0.00000e+00	1.22500e-01	1.42406e+00
0.00000e+00	1.27500e-01	1.38656e+00
0.00000e+00	1.32500e-01	1.34156e+00
0.00000e+00	1.37500e-01	1.28906e+00
0.00000e+00	1.42500e-01	1.22906e+00
0.00000e+00	1.47500e-01	1.16156e+00
0.00000e+00	1.52500e-01	1.08656e+00
0.00000e+00	1.57500e-01	1.00406e+00
0.00000e+00	1.62500e-01	9.14062e-01
0.00000e+00	1.67500e-01	8.16562e-01
0.00000e+00	1.72500e-01	7.11562e-01
0.00000e+00	1.77500e-01	5.99062e-01
0.00000e+00	1.82500e-01	4.79062e-01
0.00000e+00	1.87500e-01	3.51562e-01
0.00000e+00	1.92500e-01	2.16562e-01
0.00000e+00	1.97500e-01	7.40625e-02
0.00000e+00	2.00000e-01	-2.33147e-15

5.00000e-01	0.00000e+00	0.00000e+00
5.00000e-01	2.50000e-03	5.26281e-01
5.00000e-01	7.50000e-03	6.18664e-01
5.00000e-01	1.25000e-02	6.77422e-01
5.00000e-01	1.75000e-02	7.26746e-01
5.00000e-01	2.25000e-02	7.73713e-01
5.00000e-01	2.75000e-02	8.20217e-01
5.00000e-01	3.25000e-02	8.66773e-01
5.00000e-01	3.75000e-02	9.13389e-01
5.00000e-01	4.25000e-02	9.59845e-01
5.00000e-01	4.75000e-02	1.00581e+00
5.00000e-01	5.25000e-02	1.05089e+00
5.00000e-01	5.75000e-02	1.09464e+00
5.00000e-01	6.25000e-02	1.13656e+00
5.00000e-01	6.75000e-02	1.17612e+00
5.00000e-01	7.25000e-02	1.21268e+00
5.00000e-01	7.75000e-02	1.24549e+00
5.00000e-01	8.25000e-02	1.27363e+00
5.00000e-01	8.75000e-02	1.29605e+00
5.00000e-01	9.25000e-02	1.31167e+00
5.00000e-01	9.75000e-02	1.31967e+00
5.00000e-01	1.02500e-01	1.31967e+00
5.00000e-01	1.07500e-01	1.31167e+00
5.00000e-01	1.12500e-01	1.29605e+00
5.00000e-01	1.17500e-01	1.27363e+00
5.00000e-01	1.22500e-01	1.24549e+00
5.00000e-01	1.27500e-01	1.21268e+00
5.00000e-01	1.32500e-01	1.17612e+00
5.00000e-01	1.37500e-01	1.13656e+00
5.00000e-01	1.42500e-01	1.09464e+00
5.00000e-01	1.47500e-01	1.05089e+00
5.00000e-01	1.52500e-01	1.00581e+00
5.00000e-01	1.57500e-01	9.59845e-01
5.00000e-01	1.62500e-01	9.13389e-01
5.00000e-01	1.67500e-01	8.66773e-01
5.00000e-01	1.72500e-01	8.20217e-01
5.00000e-01	1.77500e-01	7.73713e-01
5.00000e-01	1.82500e-01	7.26746e-01
5.00000e-01	1.87500e-01	6.77422e-01
5.00000e-01	1.92500e-01	6.18664e-01
5.00000e-01	1.97500e-01	5.26281e-01
5.00000e-01	2.00000e-01	-2.33147e-15

1.00000e+00	0.00000e+00	0.00000e+00
1.00000e+00	2.50000e-03	6.15722e-01
1.00000e+00	7.50000e-03	7.25069e-01
1.00000e+00	1.25000e-02	7.83699e-01
1.00000e+00	1.75000e-02	8.25870e-01
1.00000e+00	2.25000e-02	8.61755e-01
1.00000e+00	2.75000e-02	8.94678e-01
1.00000e+00	3.25000e-02	9.26000e-01
1.00000e+00	3.75000e-02	9.56327e-01
1.00000e+00	4.25000e-02	9.85905e-01
1.00000e+00	4.75000e-02	1.01479e+00
1.00000e+00	5.25000e-02	1.04289e+00
1.00000e+00	5.75000e-02	1.07005e+00
1.00000e+00	6.25000e-02	1.09600e+00
1.00000e+00	6.75000e-02	1.12042e+00
1.00000e+00	7.25000e-02	1.14286e+00
1.00000e+00	7.75000e-02	1.16281e+00
1.00000e+00	8.25000e-02	1.17970e+00
1.00000e+00	8.75000e-02	1.19295e+00
1.00000e+00	9.25000e-02	1.20206e+00
1.00000e+00	9.75000e-02	1.20669e+00
1.00000e+00	1.02500e-01	1.20669e+00
1.00000e+00	1.07500e-01	1.20206e+00
1.00000e+00	1.12500e-01	1.19295e+00
1.00000e+00	1.17500e-01	1.17970e+00
1.00000e+00	1.22500e-01	1.16281e+00
1.00000e+00	1.27500e-01	1.14286e+00
1.00000e+00	1.32500e-01	1.12042e+00
1.00000e+00	1.37500e-01	1.09600e+00
1.00000e+00	1.42500e-01	1.07005e+00
1.00000e+00	1.47500e-01	1.04289e+00
1.00000e+00	1.52500e-01	1.01479e+00
1.00000e+00	1.57500e-01	9.85905e-01
1.00000e+00	1.62500e-01	9.56327e-01
1.00000e+00	1.67500e-01	9.26000e-01
1.00000e+00	1.72500e-01	8.94678e-01
1.00000e+00	1.77500e-01	8.61755e-01
1.00000e+00	1.82500e-01	8.25870e-01
1.00000e+00	1.87500e-01	7.83699e-01
1.00000e+00	1.92500e-01	7.25069e-01
1.00000e+00	1.97500e-01	6.15722e-01
1.00000e+00	2.00000e-01	-2.33147e-15

1.50000e+00	0.00000e+00	0.00000e+00
1.50000e+00	2.50000e-03	6.46008e-01
1.50000e+00	7.50000e-03	7.66594e-01
1.50000e+00	1.25000e-02	8.28697e-01
1.50000e+00	1.75000e-02	8.70747e-01
1.50000e+00	2.25000e-02	9.03907e-01
1.50000e+00	2.75000e-02	9.32340e-01
1.50000e+00	3.25000e-02	9.57921e-01
1.50000e+00	3.75000e-02	9.81580e-01
1.50000e+00	4.25000e-02	1.00379e+00
1.50000e+00	4.75000e-02	1.02479e+00
1.50000e+00	5.25000e-02	1.04464e+00
1.50000e+00	5.75000e-02	1.06332e+00
1.50000e+00	6.25000e-02	1.08071e+00
1.50000e+00	6.75000e-02	1.09664e+00
1.50000e+00	7.25000e-02	1.11090e+00
1.50000e+00	7.75000e-02	1.12324e+00
1.50000e+00	8.25000e-02	1.13343e+00
1.50000e+00	8.75000e-02	1.14125e+00
1.50000e+00	9.25000e-02	1.14654e+00
1.50000e+00	9.75000e-02	1.14921e+00
1.50000e+00	1.02500e-01	1.14921e+00
1.50000e+00	1.07500e-01	1.14654e+00
1.50000e+00	1.12500e-01	1.14125e+00
1.50000e+00	1.17500e-01	1.13343e+00
1.50000e+00	1.22500e-01	1.12324e+00
1.50000e+00	1.27500e-01	1.11090e+00
1.50000e+00	1.32500e-01	1.09664e+00
1.50000e+00	1.37500e-01	1.08071e+00
1.50000e+00	1.42500e-01	1.06332e+00
1.50000e+00	1.47500e-01	1.04464e+00
1.50000e+00	1.52500e-01	1.02479e+00
1.50000e+00	1.57500e-01	1.00379e+00
1.50000e+00	1.62500e-01	9.81580e-01
1.50000e+00	1.67500e-01	9.57921e-01
1.50000e+00	1.72500e-01	9.32340e-01
1.50000e+00	1.77500e-01	9.03907e-01
1.50000e+00	1.82500e-01	8.70747e-01
1.50000e+00	1.87500e-01	8.28697e-01
1.50000e+00	1.92500e-01	7.66594e-01
1.50000e+00	1.97500e-01	6.46008e-01
1.50000e+00	2.00000e-01	-2.33147e-15

2.00000e+00	0.00000e+00	0.00000e+00
2.00000e+00	2.50000e-03	6.52392e-01
2.00000e+00	7.50000e-03	7.80059e-01
2.00000e+00	1.25000e-02	8.46331e-01
2.00000e+00	1.75000e-02	8.90619e-01
2.00000e+00	2.25000e-02	9.24119e-01
2.00000e+00	2.75000e-02	9.51490e-01
2.00000e+00	3.25000e-02	9.74981e-01
2.00000e+00	3.75000e-02	9.95787e-01
2.00000e+00	4.25000e-02	1.01457e+00
2.00000e+00	4.75000e-02	1.03172e+00
2.00000e+00	5.25000e-02	1.04741e+00
2.00000e+00	5.75000e-02	1.06175e+00
2.00000e+00	6.25000e-02	1.07473e+00
2.00000e+00	6.75000e-02	1.08632e+00
2.00000e+00	7.25000e-02	1.09644e+00
2.00000e+00	7.75000e-02	1.10502e+00
2.00000e+00	8.25000e-02	1.11198e+00
2.00000e+00	8.75000e-02	1.11724e+00
2.00000e+00	9.25000e-02	1.12077e+00
2.00000e+00	9.75000e-02	1.12254e+00
2.00000e+00	1.02500e-01	1.12254e+00
2.00000e+00	1.07500e-01	1.12077e+00
2.00000e+00	1.12500e-01	1.11724e+00
2.00000e+00	1.17500e-01	1.11198e+00
2.00000e+00	1.22500e-01	1.10502e+00
2.00000e+00	1.27500e-01	1.09644e+00
2.00000e+00	1.32500e-01	1.08632e+00
2.00000e+00	1.37500e-01	1.07473e+00
2.00000e+00	1.42500e-01	1.06175e+00
2.00000e+00	1.47500e-01	1.04741e+00
2.00000e+00	1.52500e-01	1.03172e+00
2.00000e+00	1.57500e-01	1.01457e+00
2.00000e+00	1.62500e-01	9.95787e-01
2.00000e+00	1.67500e-01	9.74981e-01
2.00000e+00	1.72500e-01	9.51490e-01
2.00000e+00	1.77500e-01	9.24119e-01
2.00000e+00	1.82500e-01	8.90619e-01
2.00000e+00	1.87500e-01	8.46331e-01
2.00000e+00	1.92500e-01	7.80059e-01
2.00000e+00	1.97500e-01	6.52392e-01
2.00000e+00	2.00000e-01	-2.33147e-15

2.50000e+00	0.00000e+00	0.00000e+00
2.50000e+00	2.50000e-03	6.49017e-01
2.50000e+00	7.50000e-03	7.80717e-01
2.50000e+00	1.25000e-02	8.50472e-01
2.50000e+00	1.75000e-02	8.97530e-01
2.50000e+00	2.25000e-02	9.32639e-01
2.50000e+00	2.75000e-02	9.60597e-01
2.50000e+00	3.25000e-02	9.83861e-01
2.50000e+00	3.75000e-02	1.00381e+00
2.50000e+00	4.25000e-02	1.02126e+00
2.50000e+00	4.75000e-02	1.03670e+00
2.50000e+00	5.25000e-02	1.05044e+00
2.50000e+00	5.75000e-02	1.06266e+00
2.50000e+00	6.25000e-02	1.07347e+00
2.50000e+00	6.75000e-02	1.08291e+00
2.50000e+00	7.25000e-02	1.09100e+00
2.50000e+00	7.75000e-02	1.09774e+00
2.50000e+00	8.25000e-02	1.10314e+00
2.50000e+00	8.75000e-02	1.10718e+00
2.50000e+00	9.25000e-02	1.10988e+00
2.50000e+00	9.75000e-02	1.11123e+00
2.50000e+00	1.02500e-01	1.11123e+00
2.50000e+00	1.07500e-01	1.10988e+00
2.50000e+00	1.12500e-01	1.10718e+00
2.50000e+00	1.17500e-01	1.10314e+00
2.50000e+00	1.22500e-01	1.09774e+00
2.50000e+00	1.27500e-01	1.09100e+00
2.50000e+00	1.32500e-01	1.08291e+00
2.50000e+00	1.37500e-01	1.07347e+00
2.50000e+00	1.42500e-01	1.06266e+00
2.50000e+00	1.47500e-01	1.05044e+00
2.50000e+00	1.52500e-01	1.03670e+00
2.50000e+00	1.57500e-01	1.02126e+00
2.50000e+00	1.62500e-01	1.00381e+00
2.50000e+00	1.67500e-01	9.83861e-01
2.50000e+00	1.72500e-01	9.60597e-01
2.50000e+00	1.77500e-01	9.32639e-01
2.50000e+00	1.82500e-01	8.97530e-01
2.50000e+00	1.87500e-01	8.50472e-01
2.50000e+00	1.92500e-01	7.80717e-01
2.50000e+00	1.97500e-01	6.49017e-01
2.50000e+00	2.00000e-01	-2.33147e-15

3.00000e+00	0.00000e+00	0.00000e+00
3.00000e+00	2.50000e-03	6.42647e-01
3.00000e+00	7.50000e-03	7.76250e-01
3.00000e+00	1.25000e-02	8.48319e-01
3.00000e+00	1.75000e-02	8.97729e-01
3.00000e+00	2.25000e-02	9.34693e-01
3.00000e+00	2.75000e-02	9.63912e-01
3.00000e+00	3.25000e-02	9.87882e-01
3.00000e+00	3.75000e-02	1.00806e+00
3.00000e+00	4.25000e-02	1.02535e+00
3.00000e+00	4.75000e-02	1.04032e+00
3.00000e+00	5.25000e-02	1.05337e+00
3.00000e+00	5.75000e-02	1.06474e+00
3.00000e+00	6.25000e-02	1.07459e+00
3.00000e+00	6.75000e-02	1.08306e+00
3.00000e+00	7.25000e-02	1.09020e+00
3.00000e+00	7.75000e-02	1.09608e+00
3.00000e+00	8.25000e-02	1.10073e+00
3.00000e+00	8.75000e-02	1.10420e+00
3.00000e+00	9.25000e-02	1.10649e+00
3.00000e+00	9.75000e-02	1.10763e+00
3.00000e+00	1.02500e-01	1.10763e+00
3.00000e+00	1.07500e-01	1.10649e+00
3.00000e+00	1.12500e-01	1.10420e+00
3.00000e+00	1.17500e-01	1.10073e+00
3.00000e+00	1.22500e-01	1.09608e+00
3.00000e+00	1.27500e-01	1.09020e+00
3.00000e+00	1.32500e-01	1.08306e+00
3.00000e+00	1.37500e-01	1.07459e+00
3.00000e+00	1.42500e-01	1.06474e+00
3.00000e+00	1.47500e-01	1.05337e+00
3.00000e+00	1.52500e-01	1.04032e+00
3.00000e+00	1.57500e-01	1.02535e+00
3.00000e+00	1.62500e-01	1.00806e+00
3.00000e+00	1.67500e-01	9.87882e-01
3.00000e+00	1.72500e-01	9.63912e-01
3.00000e+00	1.77500e-01	9.34693e-01
3.00000e+00	1.82500e-01	8.97729e-01
3.00000e+00	1.87500e-01	8.48319e-01
3.00000e+00	1.92500e-01	7.76250e-01
3.00000e+00	1.97500e-01	6.42647e-01
3.00000e+00	2.00000e-01	-2.33147e-15

3.50000e+00	0.00000e+00	0.00000e+00
3.50000e+00	2.50000e-03	6.36195e-01
3.50000e+00	7.50000e-03	7.70441e-01
3.50000e+00	1.25000e-02	8.43796e-01
3.50000e+00	1.75000e-02	8.94825e-01
3.50000e+00	2.25000e-02	9.33349e-01
3.50000e+00	2.75000e-02	9.63897e-01
3.50000e+00	3.25000e-02	9.88907e-01
3.50000e+00	3.75000e-02	1.00983e+00
3.50000e+00	4.25000e-02	1.02759e+00
3.50000e+00	4.75000e-02	1.04279e+00
3.50000e+00	5.25000e-02	1.05587e+00
3.50000e+00	5.75000e-02	1.06711e+00
3.50000e+00	6.25000e-02	1.07672e+00
3.50000e+00	6.75000e-02	1.08487e+00
3.50000e+00	7.25000e-02	1.09168e+00
3.50000e+00	7.75000e-02	1.09721e+00
3.50000e+00	8.25000e-02	1.10156e+00
3.50000e+00	8.75000e-02	1.10477e+00
3.50000e+00	9.25000e-02	1.10689e+00
3.50000e+00	9.75000e-02	1.10794e+00
3.50000e+00	1.02500e-01	1.10794e+00
3.50000e+00	1.07500e-01	1.10689e+00
3.50000e+00	1.12500e-01	1.10477e+00
3.50000e+00	1.17500e-01	1.10156e+00
3.50000e+00	1.22500e-01	1.09721e+00
3.50000e+00	1.27500e-01	1.09168e+00
3.50000e+00	1.32500e-01	1.08487e+00
3.50000e+00	1.37500e-01	1.07672e+00
3.50000e+00	1.42500e-01	1.06711e+00
3.50000e+00	1.47500e-01	1.05587e+00
3.50000e+00	1.52500e-01	1.04279e+00
3.50000e+00	1.57500e-01	1.02759e+00
3.50000e+00	1.62500e-01	1.00983e+00
3.50000e+00	1.67500e-01	9.88907e-01
3.50000e+00	1.72500e-01	9.63897e-01
3.50000e+00	1.77500e-01	9.33349e-01
3.50000e+00	1.82500e-01	8.94825e-01
3.50000e+00	1.87500e-01	8.43796e-01
3.50000e+00	1.92500e-01	7.70441e-01
3.50000e+00	1.97500e-01	6.36195e-01
3.50000e+00	2.00000e-01	-2.33147e-15

4.00000e+00	0.00000e+00	0.00000e+00
4.00000e+00	2.50000e-03	6.30708e-01
4.00000e+00	7.50000e-03	7.64962e-01
4.00000e+00	1.25000e-02	8.38910e-01
4.00000e+00	1.75000e-02	8.90896e-01
4.00000e+00	2.25000e-02	9.30514e-01
4.00000e+00	2.75000e-02	9.62155e-01
4.00000e+00	3.25000e-02	9.88174e-01
4.00000e+00	3.75000e-02	1.00997e+00
4.00000e+00	4.25000e-02	1.02846e+00
4.00000e+00	4.75000e-02	1.04423e+00
4.00000e+00	5.25000e-02	1.05773e+00
4.00000e+00	5.75000e-02	1.06926e+00
4.00000e+00	6.25000e-02	1.07905e+00
4.00000e+00	6.75000e-02	1.08728e+00
4.00000e+00	7.25000e-02	1.09410e+00
4.00000e+00	7.75000e-02	1.09961e+00
4.00000e+00	8.25000e-02	1.10390e+00
4.00000e+00	8.75000e-02	1.10706e+00
4.00000e+00	9.25000e-02	1.10913e+00
4.00000e+00	9.75000e-02	1.11015e+00
4.00000e+00	1.02500e-01	1.11015e+00
4.00000e+00	1.07500e-01	1.10913e+00
4.00000e+00	1.12500e-01	1.10706e+00
4.00000e+00	1.17500e-01	1.10390e+00
4.00000e+00	1.22500e-01	1.09961e+00
4.00000e+00	1.27500e-01	1.09410e+00
4.00000e+00	1.32500e-01	1.08728e+00
4.00000e+00	1.37500e-01	1.07905e+00
4.00000e+00	1.42500e-01	1.06926e+00
4.00000e+00	1.47500e-01	1.05773e+00
4.00000e+00	1.52500e-01	1.04423e+00
4.00000e+00	1.57500e-01	1.02846e+00
4.00000e+00	1.62500e-01	1.00997e+00
4.00000e+00	1.67500e-01	9.88174e-01
4.00000e+00	1.72500e-01	9.62155e-01
4.00000e+00	1.77500e-01	9.30514e-01
4.00000e+00	1.82500e-01	8.90896e-01
4.00000e+00	1.87500e-01	8.38910e-01
4.00000e+00	1.92500e-01	7.64962e-01
4.00000e+00	1.97500e-01	6.30708e-01
4.00000e+00	2.00000e-01	-2.33147e-15

4.50000e+00	0.00000e+00	0.00000e+00
4.50000e+00	2.50000e-03	6.26419e-01
4.50000e+00	7.50000e-03	7.60416e-01
4.50000e+00	1.25000e-02	8.34558e-01
4.50000e+00	1.75000e-02	8.87033e-01
4.50000e+00	2.25000e-02	9.27324e-01
4.50000e+00	2.75000e-02	9.59738e-01
4.50000e+00	3.25000e-02	9.86565e-01
4.50000e+00	3.75000e-02	1.00916e+00
4.50000e+00	4.25000e-02	1.02839e+00
4.50000e+00	4.75000e-02	1.04484e+00
4.50000e+00	5.25000e-02	1.05892e+00
4.50000e+00	5.75000e-02	1.07094e+00
4.50000e+00	6.25000e-02	1.08113e+00
4.50000e+00	6.75000e-02	1.08967e+00
4.50000e+00	7.25000e-02	1.09672e+00
4.50000e+00	7.75000e-02	1.10239e+00
4.50000e+00	8.25000e-02	1.10678e+00
4.50000e+00	8.75000e-02	1.11000e+00
4.50000e+00	9.25000e-02	1.11211e+00
4.50000e+00	9.75000e-02	1.11315e+00
4.50000e+00	1.02500e-01	1.11315e+00
4.50000e+00	1.07500e-01	1.11211e+00
4.50000e+00	1.12500e-01	1.11000e+00
4.50000e+00	1.17500e-01	1.10678e+00
4.50000e+00	1.22500e-01	1.10239e+00
4.50000e+00	1.27500e-01	1.09672e+00
4.50000e+00	1.32500e-01	1.08967e+00
4.50000e+00	1.37500e-01	1.08113e+00
4.50000e+00	1.42500e-01	1.07094e+00
4.50000e+00	1.47500e-01	1.05892e+00
4.50000e+00	1.52500e-01	1.04484e+00
4.50000e+00	1.57500e-01	1.02839e+00
4.50000e+00	1.62500e-01	1.00916e+00
4.50000e+00	1.67500e-01	9.86565e-01
4.50000e+00	1.72500e-01	9.59738e-01
4.50000e+00	1.77500e-01	9.27324e-01
4.50000e+00	1.82500e-01	8.87033e-01
4.50000e+00	1.87500e-01	8.34558e-01
4.50000e+00	1.92500e-01	7.60416e-01
4.50000e+00	1.97500e-01	6.26419e-01
4.50000e+00	2.00000e-01	-2.33147e-15

5.00000e+00	0.00000e+00	0.00000e+00
5.00000e+00	2.50000e-03	6.23247e-01
5.00000e+00	7.50000e-03	7.56912e-01
5.00000e+00	1.25000e-02	8.31044e-01
5.00000e+00	1.75000e-02	8.83722e-01
5.00000e+00	2.25000e-02	9.24380e-01
5.00000e+00	2.75000e-02	9.57283e-01
5.00000e+00	3.25000e-02	9.84681e-01
5.00000e+00	3.75000e-02	1.00790e+00
5.00000e+00	4.25000e-02	1.02776e+00
5.00000e+00	4.75000e-02	1.04484e+00
5.00000e+00	5.25000e-02	1.05953e+00
5.00000e+00	5.75000e-02	1.07210e+00
5.00000e+00	6.25000e-02	1.08278e+00
5.00000e+00	6.75000e-02	1.09174e+00
5.00000e+00	7.25000e-02	1.09913e+00
5.00000e+00	7.75000e-02	1.10506e+00
5.00000e+00	8.25000e-02	1.10966e+00
5.00000e+00	8.75000e-02	1.11301e+00
5.00000e+00	9.25000e-02	1.11520e+00
5.00000e+00	9.75000e-02	1.11628e+00
5.00000e+00	1.02500e-01	1.11628e+00
5.00000e+00	1.07500e-01	1.11520e+00
5.00000e+00	1.12500e-01	1.11301e+00
5.00000e+00	1.17500e-01	1.10966e+00
5.00000e+00	1.22500e-01	1.10506e+00
5.00000e+00	1.27500e-01	1.09913e+00
5.00000e+00	1.32500e-01	1.09174e+00
5.00000e+00	1.37500e-01	1.08278e+00
5.00000e+00	1.42500e-01	1.07210e+00
5.00000e+00	1.47500e-01	1.05953e+00
5.00000e+00	1.52500e-01	1.04484e+00
5.00000e+00	1.57500e-01	1.02776e+00
5.00000e+00	1.62500e-01	1.00790e+00
5.00000e+00	1.67500e-01	9.84681e-01
5.00000e+00	1.72500e-01	9.57283e-01
5.00000e+00	1.77500e-01	9.24380e-01
5.00000e+00	1.82500e-01	8.83722e-01
5.00000e+00	1.87500e-01	8.31044e-01
5.00000e+00	1.92500e-01	7.56912e-01
5.00000e+00	1.97500e-01	6.23247e-01
5.00000e+00	2.00000e-01	-2.33147e-15

5.50000e+00	0.00000e+00	0.00000e+00
5.50000e+00	2.50000e-03	6.21004e-01
5.50000e+00	7.50000e-03	7.54353e-01
5.50000e+00	1.25000e-02	8.28388e-01
5.50000e+00	1.75000e-02	8.81110e-01
5.50000e+00	2.25000e-02	9.21939e-01
5.50000e+00	2.75000e-02	9.55122e-01
5.50000e+00	3.25000e-02	9.82889e-01
5.50000e+00	3.75000e-02	1.00654e+00
5.50000e+00	4.25000e-02	1.02690e+00
5.50000e+00	4.75000e-02	1.04450e+00
5.50000e+00	5.25000e-02	1.05971e+00
5.50000e+00	5.75000e-02	1.07280e+00
5.50000e+00	6.25000e-02	1.08397e+00
5.50000e+00	6.75000e-02	1.09337e+00
5.50000e+00	7.25000e-02	1.10113e+00
5.50000e+00	7.75000e-02	1.10738e+00
5.50000e+00	8.25000e-02	1.11221e+00
5.50000e+00	8.75000e-02	1.11574e+00
5.50000e+00	9.25000e-02	1.11804e+00
5.50000e+00	9.75000e-02	1.11917e+00
5.50000e+00	1.02500e-01	1.11917e+00
5.50000e+00	1.07500e-01	1.11804e+00
5.50000e+00	1.12500e-01	1.11574e+00
5.50000e+00	1.17500e-01	1.11221e+00
5.50000e+00	1.22500e-01	1.10738e+00
5.50000e+00	1.27500e-01	1.10113e+00
5.50000e+00	1.32500e-01	1.09337e+00
5.50000e+00	1.37500e-01	1.08397e+00
5.50000e+00	1.42500e-01	1.07280e+00
5.50000e+00	1.47500e-01	1.05971e+00
5.50000e+00	1.52500e-01	1.04450e+00
5.50000e+00	1.57500e-01	1.02690e+00
5.50000e+00	1.62500e-01	1.00654e+00
5.50000e+00	1.67500e-01	9.82889e-01
5.50000e+00	1.72500e-01	9.55122e-01
5.50000e+00	1.77500e-01	9.21939e-01
5.50000e+00	1.82500e-01	8.81110e-01
5.50000e+00	1.87500e-01	8.28388e-01
5.50000e+00	1.92500e-01	7.54353e-01
5.50000e+00	1.97500e-01	6.21004e-01
5.50000e+00	2.00000e-01	-2.33147e-15

6.00000e+00	0.00000e+00	0.00000e+00
6.00000e+00	2.50000e-03	6.19493e-01
6.00000e+00	7.50000e-03	7.52576e-01
6.00000e+00	1.25000e-02	8.26487e-01
6.00000e+00	1.75000e-02	8.79176e-01
6.00000e+00	2.25000e-02	9.20061e-01
6.00000e+00	2.75000e-02	9.53385e-01
6.00000e+00	3.25000e-02	9.81370e-01
6.00000e+00	3.75000e-02	1.00531e+00
6.00000e+00	4.25000e-02	1.02601e+00
6.00000e+00	4.75000e-02	1.04400e+00
6.00000e+00	5.25000e-02	1.05963e+00
6.00000e+00	5.75000e-02	1.07315e+00
6.00000e+00	6.25000e-02	1.08474e+00
6.00000e+00	6.75000e-02	1.09455e+00
6.00000e+00	7.25000e-02	1.10267e+00
6.00000e+00	7.75000e-02	1.10923e+00
6.00000e+00	8.25000e-02	1.11431e+00
6.00000e+00	8.75000e-02	1.11802e+00
6.00000e+00	9.25000e-02	1.12044e+00
6.00000e+00	9.75000e-02	1.12163e+00
6.00000e+00	1.02500e-01	1.12163e+00
6.00000e+00	1.07500e-01	1.12044e+00
6.00000e+00	1.12500e-01	1.11802e+00
6.00000e+00	1.17500e-01	1.11431e+00
6.00000e+00	1.22500e-01	1.10923e+00
6.00000e+00	1.27500e-01	1.10267e+00
6.00000e+00	1.32500e-01	1.09455e+00
6.00000e+00	1.37500e-01	1.08474e+00
6.00000e+00	1.42500e-01	1.07315e+00
6.00000e+00	1.47500e-01	1.05963e+00
6.00000e+00	1.52500e-01	1.04400e+00
6.00000e+00	1.57500e-01	1.02601e+00
6.00000e+00	1.62500e-01	1.00531e+00
6.00000e+00	1.67500e-01	9.81370e-01
6.00000e+00	1.72500e-01	9.53385e-01
6.00000e+00	1.77500e-01	9.20061e-01
6.00000e+00	1.82500e-01	8.79176e-01
6.00000e+00	1.87500e-01	8.26487e-01
6.00000e+00	1.92500e-01	7.52576e-01
6.00000e+00	1.97500e-01	6.19493e-01
6.00000e+00	2.00000e-01	-2.33147e-15

6.50000e+00	0.00000e+00	0.00000e+00
6.50000e+00	2.50000e-03	6.18532e-01
6.50000e+00	7.50000e-03	7.51407e-01
6.50000e+00	1.25000e-02	8.25200e-01
6.50000e+00	1.75000e-02	8.77823e-01
6.50000e+00	2.25000e-02	9.18704e-01
6.50000e+00	2.75000e-02	9.52084e-01
6.50000e+00	3.25000e-02	9.80186e-01
6.50000e+00	3.75000e-02	1.00430e+00
6.50000e+00	4.25000e-02	1.02522e+00
6.50000e+00	4.75000e-02	1.04348e+00
6.50000e+00	5.25000e-02	1.05942e+00
6.50000e+00	5.75000e-02	1.07327e+00
6.50000e+00	6.25000e-02	1.08521e+00
6.50000e+00	6.75000e-02	1.09535e+00
6.50000e+00	7.25000e-02	1.10379e+00
6.50000e+00	7.75000e-02	1.11062e+00
6.50000e+00	8.25000e-02	1.11593e+00
6.50000e+00	8.75000e-02	1.11981e+00
6.50000e+00	9.25000e-02	1.12234e+00
6.50000e+00	9.75000e-02	1.12359e+00
6.50000e+00	1.02500e-01	1.12359e+00
6.50000e+00	1.07500e-01	1.12234e+00
6.50000e+00	1.12500e-01	1.11981e+00
6.50000e+00	1.17500e-01	1.11593e+00
6.50000e+00	1.22500e-01	1.11062e+00
6.50000e+00	1.27500e-01	1.10379e+00
6.50000e+00	1.32500e-01	1.09535e+00
6.50000e+00	1.37500e-01	1.08521e+00
6.50000e+00	1.42500e-01	1.07327e+00
6.50000e+00	1.47500e-01	1.05942e+00
6.50000e+00	1.52500e-01	1.04348e+00
6.50000e+00	1.57500e-01	1.02522e+00
6.50000e+00	1.62500e-01	1.00430e+00
6.50000e+00	1.67500e-01	9.80186e-01
6.50000e+00	1.72500e-01	9.52084e-01
6.50000e+00	1.77500e-01	9.18704e-01
6.50000e+00	1.82500e-01	8.77823e-01
6.50000e+00	1.87500e-01	8.25200e-01
6.50000e+00	1.92500e-01	7.51407e-01
6.50000e+00	1.97500e-01	6.18532e-01
6.50000e+00	2.00000e-01	-2.33147e-15

7.00000e+00	0.00000e+00	0.00000e+00
7.00000e+00	2.50000e-03	6.17968e-01
7.00000e+00	7.50000e-03	7.50691e-01
7.00000e+00	1.25000e-02	8.24383e-01
7.00000e+00	1.75000e-02	8.76936e-01
7.00000e+00	2.25000e-02	9.17783e-01
7.00000e+00	2.75000e-02	9.51172e-01
7.00000e+00	3.25000e-02	9.79325e-01
7.00000e+00	3.75000e-02	1.00353e+00
7.00000e+00	4.25000e-02	1.02459e+00
7.00000e+00	4.75000e-02	1.04303e+00
7.00000e+00	5.25000e-02	1.05917e+00
7.00000e+00	5.75000e-02	1.07326e+00
7.00000e+00	6.25000e-02	1.08545e+00
7.00000e+00	6.75000e-02	1.09585e+00
7.00000e+00	7.25000e-02	1.10454e+00
7.00000e+00	7.75000e-02	1.11159e+00
7.00000e+00	8.25000e-02	1.11709e+00
7.00000e+00	8.75000e-02	1.12112e+00
7.00000e+00	9.25000e-02	1.12374e+00
7.00000e+00	9.75000e-02	1.12504e+00
7.00000e+00	1.02500e-01	1.12504e+00
7.00000e+00	1.07500e-01	1.12374e+00
7.00000e+00	1.12500e-01	1.12112e+00
7.00000e+00	1.17500e-01	1.11709e+00
7.00000e+00	1.22500e-01	1.11159e+00
7.00000e+00	1.27500e-01	1.10454e+00
7.00000e+00	1.32500e-01	1.09585e+00
7.00000e+00	1.37500e-01	1.08545e+00
7.00000e+00	1.42500e-01	1.07326e+00
7.00000e+00	1.47500e-01	1.05917e+00
7.00000e+00	1.52500e-01	1.04303e+00
7.00000e+00	1.57500e-01	1.02459e+00
7.00000e+00	1.62500e-01	1.00353e+00
7.00000e+00	1.67500e-01	9.79325e-01
7.00000e+00	1.72500e-01	9.51172e-01
7.00000e+00	1.77500e-01	9.17783e-01
7.00000e+00	1.82500e-01	8.76936e-01
7.00000e+00	1.87500e-01	8.24383e-01
7.00000e+00	1.92500e-01	7.50691e-01
7.00000e+00	1.97500e-01	6.17968e-01
7.00000e+00	2.00000e-01	-2.33147e-15

7.50000e+00	0.00000e+00	0.00000e+00
7.50000e+00	2.50000e-03	6.17679e-01
7.50000e+00	7.50000e-03	7.50296e-01
7.50000e+00	1.25000e-02	8.23909e-01
7.50000e+00	1.75000e-02	8.76397e-01
7.50000e+00	2.25000e-02	9.17202e-01
7.50000e+00	2.75000e-02	9.50575e-01
7.50000e+00	3.25000e-02	9.78741e-01
7.50000e+00	3.75000e-02	1.00299e+00
7.50000e+00	4.25000e-02	1.02413e+00
7.50000e+00	4.75000e-02	1.04266e+00
7.50000e+00	5.25000e-02	1.05894e+00
7.50000e+00	5.75000e-02	1.07319e+00
7.50000e+00	6.25000e-02	1.08555e+00
7.50000e+00	6.75000e-02	1.09613e+00
7.50000e+00	7.25000e-02	1.10500e+00
7.50000e+00	7.75000e-02	1.11223e+00
7.50000e+00	8.25000e-02	1.11787e+00
7.50000e+00	8.75000e-02	1.12201e+00
7.50000e+00	9.25000e-02	1.12471e+00
7.50000e+00	9.75000e-02	1.12604e+00
7.50000e+00	1.02500e-01	1.12604e+00
7.50000e+00	1.07500e-01	1.12471e+00
7.50000e+00	1.12500e-01	1.12201e+00
7.50000e+00	1.17500e-01	1.11787e+00
7.50000e+00	1.22500e-01	1.11223e+00
7.50000e+00	1.27500e-01	1.10500e+00
7.50000e+00	1.32500e-01	1.09613e+00
7.50000e+00	1.37500e-01	1.08555e+00
7.50000e+00	1.42500e-01	1.07319e+00
7.50000e+00	1.47500e-01	1.05894e+00
7.50000e+00	1.52500e-01	1.04266e+00
7.50000e+00	1.57500e-01	1.02413e+00
7.50000e+00	1.62500e-01	1.00299e+00
7.50000e+00	1.67500e-01	9.78741e-01
7.50000e+00	1.72500e-01	9.50575e-01
7.50000e+00	1.77500e-01	9.17202e-01
7.50000e+00	1.82500e-01	8.76397e-01
7.50000e+00	1.87500e-01	8.23909e-01
7.50000e+00	1.92500e-01	7.50296e-01
7.50000e+00	1.97500e-01	6.17679e-01
7.50000e+00	2.00000e-01	-2.33147e-15

8.00000e+00	0.00000e+00	0.00000e+00
8.00000e+00	2.50000e-03	6.17565e-01
8.00000e+00	7.50000e-03	7.50116e-01
8.00000e+00	1.25000e-02	8.23673e-01
8.00000e+00	1.75000e-02	8.76108e-01
8.00000e+00	2.25000e-02	9.16872e-01
8.00000e+00	2.75000e-02	9.50218e-01
8.00000e+00	3.25000e-02	9.78377e-01
8.00000e+00	3.75000e-02	1.00264e+00
8.00000e+00	4.25000e-02	1.02381e+00
8.00000e+00	4.75000e-02	1.04240e+00
8.00000e+00	5.25000e-02	1.05876e+00
8.00000e+00	5.75000e-02	1.07310e+00
8.00000e+00	6.25000e-02	1.08557e+00
8.00000e+00	6.75000e-02	1.09627e+00
8.00000e+00	7.25000e-02	1.10526e+00
8.00000e+00	7.75000e-02	1.11260e+00
8.00000e+00	8.25000e-02	1.11835e+00
8.00000e+00	8.75000e-02	1.12256e+00
8.00000e+00	9.25000e-02	1.12532e+00
8.00000e+00	9.75000e-02	1.12668e+00
8.00000e+00	1.02500e-01	1.12668e+00
8.00000e+00	1.07500e-01	1.12532e+00
8.00000e+00	1.12500e-01	1.12256e+00
8.00000e+00	1.17500e-01	1.11835e+00
8.00000e+00	1.22500e-01	1.11260e+00
8.00000e+00	1.27500e-01	1.10526e+00
8.00000e+00	1.32500e-01	1.09627e+00
8.00000e+00	1.37500e-01	1.08557e+00
8.00000e+00	1.42500e-01	1.07310e+00
8.00000e+00	1.47500e-01	1.05876e+00
8.00000e+00	1.52500e-01	1.04240e+00
8.00000e+00	1.57500e-01	1.02381e+00
8.00000e+00	1.62500e-01	1.00264e+00
8.00000e+00	1.67500e-01	9.78377e-01
8.00000e+00	1.72500e-01	9.50218e-01
8.00000e+00	1.77500e-01	9.16872e-01
8.00000e+00	1.82500e-01	8.76108e-01
8.00000e+00	1.87500e-01	8.23673e-01
8.00000e+00	1.92500e-01	7.50116e-01
8.00000e+00	1.97500e-01	6.17565e-01
8.00000e+00	2.00000e-01	-2.33147e-15

8.50000e+00	0.00000e+00	0.00000e+00
8.50000e+00	2.50000e-03	6.17603e-01
8.50000e+00	7.50000e-03	7.50124e-01
8.50000e+00	1.25000e-02	8.23623e-01
8.50000e+00	1.75000e-02	8.75994e-01
8.50000e+00	2.25000e-02	9.16706e-01
8.50000e+00	2.75000e-02	9.50016e-01
8.50000e+00	3.25000e-02	9.78154e-01
8.50000e+00	3.75000e-02	1.00241e+00
8.50000e+00	4.25000e-02	1.02359e+00
8.50000e+00	4.75000e-02	1.04221e+00
8.50000e+00	5.25000e-02	1.05860e+00
8.50000e+00	5.75000e-02	1.07300e+00
8.50000e+00	6.25000e-02	1.08554e+00
8.50000e+00	6.75000e-02	1.09631e+00
8.50000e+00	7.25000e-02	1.10538e+00
8.50000e+00	7.75000e-02	1.11279e+00
8.50000e+00	8.25000e-02	1.11860e+00
8.50000e+00	8.75000e-02	1.12287e+00
8.50000e+00	9.25000e-02	1.12567e+00
8.50000e+00	9.75000e-02	1.12705e+00
8.50000e+00	1.02500e-01	1.12705e+00
8.50000e+00	1.07500e-01	1.12567e+00
8.50000e+00	1.12500e-01	1.12287e+00
8.50000e+00	1.17500e-01	1.11860e+00
8.50000e+00	1.22500e-01	1.11279e+00
8.50000e+00	1.27500e-01	1.10538e+00
8.50000e+00	1.32500e-01	1.09631e+00
8.50000e+00	1.37500e-01	1.08554e+00
8.50000e+00	1.42500e-01	1.07300e+00
8.50000e+00	1.47500e-01	1.05860e+00
8.50000e+00	1.52500e-01	1.04221e+00
8.50000e+00	1.57500e-01	1.02359e+00
8.50000e+00	1.62500e-01	1.00241e+00
8.50000e+00	1.67500e-01	9.78154e-01
8.50000e+00	1.72500e-01	9.50016e-01
8.50000e+00	1.77500e-01	9.16706e-01
8.50000e+00	1.82500e-01	8.75994e-01
8.50000e+00	1.87500e-01	8.23623e-01
8.50000e+00	1.92500e-01	7.50124e-01
8.50000e+00	1.97500e-01	6.17603e-01
8.50000e+00	2.00000e-01	-2.33147e-15

9.00000e+00	0.00000e+00	0.00000e+00
9.00000e+00	2.50000e-03	6.17850e-01
9.00000e+00	7.50000e-03	7.49734e-01
9.00000e+00	1.25000e-02	8.23099e-01
9.00000e+00	1.75000e-02	8.75534e-01
9.00000e+00	2.25000e-02	9.16341e-01
9.00000e+00	2.75000e-02	9.49736e-01
9.00000e+00	3.25000e-02	9.77944e-01
9.00000e+00	3.75000e-02	1.00226e+00
9.00000e+00	4.25000e-02	1.02349e+00
9.00000e+00	4.75000e-02	1.04216e+00
9.00000e+00	5.25000e-02	1.05861e+00
9.00000e+00	5.75000e-02	1.07305e+00
9.00000e+00	6.25000e-02	1.08565e+00
9.00000e+00	6.75000e-02	1.09648e+00
9.00000e+00	7.25000e-02	1.10560e+00
9.00000e+00	7.75000e-02	1.11307e+00
9.00000e+00	8.25000e-02	1.11892e+00
9.00000e+00	8.75000e-02	1.12323e+00
9.00000e+00	9.25000e-02	1.12605e+00
9.00000e+00	9.75000e-02	1.12744e+00
9.00000e+00	1.02500e-01	1.12744e+00
9.00000e+00	1.07500e-01	1.12605e+00
9.00000e+00	1.12500e-01	1.12323e+00
9.00000e+00	1.17500e-01	1.11892e+00
9.00000e+00	1.22500e-01	1.11307e+00
9.00000e+00	1.27500e-01	1.10560e+00
9.00000e+00	1.32500e-01	1.09648e+00
9.00000e+00	1.37500e-01	1.08565e+00
9.00000e+00	1.42500e-01	1.07305e+00
9.00000e+00	1.47500e-01	1.05861e+00
9.00000e+00	1.52500e-01	1.04216e+00
9.00000e+00	1.57500e-01	1.02349e+00
9.00000e+00	1.62500e-01	1.00226e+00
9.00000e+00	1.67500e-01	9.77944e-01
9.00000e+00	1.72500e-01	9.49736e-01
9.00000e+00	1.77500e-01	9.16341e-01
9.00000e+00	1.82500e-01	8.75534e-01
9.00000e+00	1.87500e-01	8.23099e-01
9.00000e+00	1.92500e-01	7.49734e-01
9.00000e+00	1.97500e-01	6.17850e-01
9.00000e+00	2.00000e-01	-2.33147e-15

9.50000e+00	0.00000e+00	0.00000e+00
9.50000e+00	2.50000e-03	6.03607e-01
9.50000e+00	7.50000e-03	7.43881e-01
9.50000e+00	1.25000e-02	8.21409e-01
9.50000e+00	1.75000e-02	8.75579e-01
9.50000e+00	2.25000e-02	9.17228e-01
9.50000e+00	2.75000e-02	9.51065e-01
9.50000e+00	3.25000e-02	9.79507e-01
9.50000e+00	3.75000e-02	1.00394e+00
9.50000e+00	4.25000e-02	1.02521e+00
9.50000e+00	4.75000e-02	1.04386e+00
9.50000e+00	5.25000e-02	1.06026e+00
9.50000e+00	5.75000e-02	1.07463e+00
9.50000e+00	6.25000e-02	1.08714e+00
9.50000e+00	6.75000e-02	1.09787e+00
9.50000e+00	7.25000e-02	1.10689e+00
9.50000e+00	7.75000e-02	1.11427e+00
9.50000e+00	8.25000e-02	1.12005e+00
9.50000e+00	8.75000e-02	1.12430e+00
9.50000e+00	9.25000e-02	1.12709e+00
9.50000e+00	9.75000e-02	1.12846e+00
9.50000e+00	1.02500e-01	1.12846e+00
9.50000e+00	1.07500e-01	1.12709e+00
9.50000e+00	1.12500e-01	1.12430e+00
9.50000e+00	1.17500e-01	1.12005e+00
9.50000e+00	1.22500e-01	1.11427e+00
9.50000e+00	1.27500e-01	1.10689e+00
9.50000e+00	1.32500e-01	1.09787e+00
9.50000e+00	1.37500e-01	1.08714e+00
9.50000e+00	1.42500e-01	1.07463e+00
9.50000e+00	1.47500e-01	1.06026e+00
9.50000e+00	1.52500e-01	1.04386e+00
9.50000e+00	1.57500e-01	1.02521e+00
9.50000e+00	1.62500e-01	1.00394e+00
9.50000e+00	1.67500e-01	9.79507e-01
9.50000e+00	1.72500e-01	9.51065e-01
9.50000e+00	1.77500e-01	9.17228e-01
9.50000e+00	1.82500e-01	8.75579e-01
9.50000e+00	1.87500e-01	8.21409e-01
9.50000e+00	1.92500e-01	7.43881e-01
9.50000e+00	1.97500e-01	6.03607e-01
9.50000e+00	2.00000e-01	-2.33147e-15

1.00000e+01	0.00000e+00	0.00000e+00
1.00000e+01	2.50000e-03	6.03607e-01
1.00000e+01	7.50000e-03	7.43881e-01
1.00000e+01	1.25000e-02	8.21409e-01
1.00000e+01	1.75000e-02	8.75579e-01
1.00000e+01	2.25000e-02	9.17228e-01
1.00000e+01	2.75000e-02	9.51065e-01
1.00000e+01	3.25000e-02	9.79507e-01
1.00000e+01	3.75000e-02	1.00394e+00
1.00000e+01	4.25000e-02	1.02521e+00
1.00000e+01	4.75000e-02	1.04386e+00
1.00000e+01	5.25000e-02	1.06026e+00
1.00000e+01	5.75000e-02	1.07463e+00
1.00000e+01	6.25000e-02	1.08714e+00
1.00000e+01	6.75000e-02	1.09787e+00
1.00000e+01	7.25000e-02	1.10689e+00
1.00000e+01	7.75000e-02	1.11427e+00
1.00000e+01	8.25000e-02	1.12005e+00
1.00000e+01	8.75000e-02	1.12430e+00
1.00000e+01	9.25000e-02	1.12709e+00
1.00000e+01	9.75000e-02	1.12846e+00
1.00000e+01	1.02500e-01	1.12846e+00
1.00000e+01	1.07500e-01	1.12709e+00
1.00000e+01	1.12500e-01	1.12430e+00
1.00000e+01	1.17500e-01	1.12005e+00
1.00000e+01	1.22500e-01	1.11427e+00
1.00000e+01	1.27500e-01	1.10689e+00
1.00000e+01	1.32500e-01	1.09787e+00
1.00000e+01	1.37500e-01	1.08714e+00
1.00000e+01	1.42500e-01	1.07463e+00
1.00000e+01	1.47500e-01	1.06026e+00
1.00000e+01	1.52500e-01	1.04386e+00
1.00000e+01	1.57500e-01	1.02521e+00
1.00000e+01	1.62500e-01	1.00394e+00
1.00000e+01	1.67500e-01	9.79507e-01
1.00000e+01	1.72500e-01	9.51065e-01
1.00000e+01	1.77500e-01	9.17228e-01
1.00000e+01	1.82500e-01	8.75579e-01
1.00000e+01	1.87500e-01	8.21409e-01
1.00000e+01	1.92500e-01	7.43881e-01
1.00000e+01	1.97500e-01	6.03607e-01
1.00000e+01	2.00000e-01	-2.33147e-15

