0.00000e+00	0.00000e+00	0.00000e+00
0.00000e+00	3.00000e+00	0.00000e+00
0.00000e+00	6.00000e+00	0.00000e+00
0.00000e+00	9.00000e+00	0.00000e+00
0.00000e+00	1.20000e+01	0.00000e+00
0.00000e+00	1.50000e+01	0.00000e+00
0.00000e+00	1.80000e+01	0.00000e+00
0.00000e+00	2.10000e+01	0.00000e+00
0.00000e+00	2.40000e+01	0.00000e+00
0.00000e+00	2.70000e+01	0.00000e+00
0.00000e+00	3.00000e+01	0.00000e+00
0.00000e+00	3.30000e+01	0.00000e+00
0.00000e+00	3.60000e+01	0.00000e+00
0.00000e+00	3.90000e+01	0.00000e+00
0.00000e+00	4.20000e+01	0.00000e+00
0.00000e+00	4.50000e+01	0.00000e+00
0.00000e+00	4.80000e+01	0.00000e+00
0.00000e+00	5.10000e+01	0.00000e+00
0.00000e+00	5.40000e+01	0.00000e+00
0.00000e+00	5.70000e+01	0.00000e+00
0.00000e+00	6.00000e+01	0.00000e+00
0.00000e+00	6.30000e+01	0.00000e+00
0.00000e+00	6.60000e+01	0.00000e+00
0.00000e+00	6.90000e+01	0.00000e+00
0.00000e+00	7.20000e+01	0.00000e+00
0.00000e+00	7.50000e+01	0.00000e+00
0.00000e+00	7.80000e+01	0.00000e+00
0.00000e+00	8.10000e+01	0.00000e+00
0.00000e+00	8.40000e+01	0.00000e+00
0.00000e+00	8.70000e+01	0.00000e+00
0.00000e+00	9.00000e+01	0.00000e+00
0.00000e+00	9.30000e+01	0.00000e+00
0.00000e+00	9.60000e+01	0.00000e+00
0.00000e+00	9.90000e+01	0.00000e+00
0.00000e+00	1.02000e+02	0.00000e+00
0.00000e+00	1.05000e+02	0.00000e+00
0.00000e+00	1.08000e+02	0.00000e+00
0.00000e+00	1.11000e+02	0.00000e+00
0.00000e+00	1.14000e+02	0.00000e+00
0.00000e+00	1.17000e+02	0.00000e+00
0.00000e+00	1.20000e+02	0.00000e+00

2.00000e+00	0.00000e+00	0.00000e+00
2.00000e+00	3.00000e+00	7.11036e-01
2.00000e+00	6.00000e+00	-7.33012e-02
2.00000e+00	9.00000e+00	-1.11567e+00
2.00000e+00	1.20000e+01	-2.12050e+00
2.00000e+00	1.50000e+01	-2.99290e+00
2.00000e+00	1.80000e+01	-3.70170e+00
2.00000e+00	2.10000e+01	-4.23648e+00
2.00000e+00	2.40000e+01	-4.59480e+00
2.00000e+00	2.70000e+01	-4.77890e+00
2.00000e+00	3.00000e+01	-4.79509e+00
2.00000e+00	3.30000e+01	-4.65368e+00
2.00000e+00	3.60000e+01	-4.36862e+00
2.00000e+00	3.90000e+01	-3.95674e+00
2.00000e+00	4.20000e+01	-3.43668e+00
2.00000e+00	4.50000e+01	-2.82771e+00
2.00000e+00	4.80000e+01	-2.14862e+00
2.00000e+00	5.10000e+01	-1.41685e+00
2.00000e+00	5.40000e+01	-6.48012e-01
2.00000e+00	5.70000e+01	1.44082e-01
2.00000e+00	6.00000e+01	9.47040e-01
2.00000e+00	6.30000e+01	1.74911e+00
2.00000e+00	6.60000e+01	2.53824e+00
2.00000e+00	6.90000e+01	3.30116e+00
2.00000e+00	7.20000e+01	4.02262e+00
2.00000e+00	7.50000e+01	4.68508e+00
2.00000e+00	7.80000e+01	5.26878e+00
2.00000e+00	8.10000e+01	5.75231e+00
2.00000e+00	8.40000e+01	6.11362e+00
2.00000e+00	8.70000e+01	6.33126e+00
2.00000e+00	9.00000e+01	6.38567e+00
2.00000e+00	9.30000e+01	6.26033e+00
2.00000e+00	9.60000e+01	5.94257e+00
2.00000e+00	9.90000e+01	5.42387e+00
2.00000e+00	1.02000e+02	4.69997e+00
2.00000e+00	1.05000e+02	3.77174e+00
2.00000e+00	1.08000e+02	2.64958e+00
2.00000e+00	1.11000e+02	1.37034e+00
2.00000e+00	1.14000e+02	5.25873e-02
2.00000e+00	1.17000e+02	-9.28726e-01
2.00000e+00	1.20000e+02	0.00000e+00

6.00000e+00	0.00000e+00	0.00000e+00
6.00000e+00	3.00000e+00	-8.76361e-01
6.00000e+00	6.00000e+00	-1.67291e+00
6.00000e+00	9.00000e+00	-2.54189e+00
6.00000e+00	1.20000e+01	-3.45220e+00
6.00000e+00	1.50000e+01	-4.31656e+00
6.00000e+00	1.80000e+01	-5.06547e+00
6.00000e+00	2.10000e+01	-5.65334e+00
6.00000e+00	2.40000e+01	-6.05343e+00
6.00000e+00	2.70000e+01	-6.25306e+00
6.00000e+00	3.00000e+01	-6.25044e+00
6.00000e+00	3.30000e+01	-6.05243e+00
6.00000e+00	3.60000e+01	-5.67271e+00
6.00000e+00	3.90000e+01	-5.13003e+00
6.00000e+00	4.20000e+01	-4.44639e+00
6.00000e+00	4.50000e+01	-3.64537e+00
6.00000e+00	4.80000e+01	-2.75054e+00
6.00000e+00	5.10000e+01	-1.78435e+00
6.00000e+00	5.40000e+01	-7.67510e-01
6.00000e+00	5.70000e+01	2.81190e-01
6.00000e+00	6.00000e+01	1.34441e+00
6.00000e+00	6.30000e+01	2.40546e+00
6.00000e+00	6.60000e+01	3.44732e+00
6.00000e+00	6.90000e+01	4.45157e+00
6.00000e+00	7.20000e+01	5.39770e+00
6.00000e+00	7.50000e+01	6.26270e+00
6.00000e+00	7.80000e+01	7.02138e+00
6.00000e+00	8.10000e+01	7.64709e+00
6.00000e+00	8.40000e+01	8.11310e+00
6.00000e+00	8.70000e+01	8.39433e+00
6.00000e+00	9.00000e+01	8.46932e+00
6.00000e+00	9.30000e+01	8.32227e+00
6.00000e+00	9.60000e+01	7.94508e+00
6.00000e+00	9.90000e+01	7.33961e+00
6.00000e+00	1.02000e+02	6.52039e+00
6.00000e+00	1.05000e+02	5.51881e+00
6.00000e+00	1.08000e+02	4.38934e+00
6.00000e+00	1.11000e+02	3.21621e+00
6.00000e+00	1.14000e+02	2.10603e+00
6.00000e+00	1.17000e+02	1.09535e+00
6.00000e+00	1.20000e+02	0.00000e+00

1.00000e+01	0.00000e+00	0.00000e+00
1.00000e+01	3.00000e+00	-1.40372e+00
1.00000e+01	6.00000e+00	-2.40611e+00
1.00000e+01	9.00000e+00	-3.32063e+00
1.00000e+01	1.20000e+01	-4.19848e+00
1.00000e+01	1.50000e+01	-5.01220e+00
1.00000e+01	1.80000e+01	-5.71504e+00
1.00000e+01	2.10000e+01	-6.26478e+00
1.00000e+01	2.40000e+01	-6.63104e+00
1.00000e+01	2.70000e+01	-6.79628e+00
1.00000e+01	3.00000e+01	-6.75481e+00
1.00000e+01	3.30000e+01	-6.51122e+00
1.00000e+01	3.60000e+01	-6.07848e+00
1.00000e+01	3.90000e+01	-5.47586e+00
1.00000e+01	4.20000e+01	-4.72670e+00
1.00000e+01	4.50000e+01	-3.85621e+00
1.00000e+01	4.80000e+01	-2.88963e+00
1.00000e+01	5.10000e+01	-1.85080e+00
1.00000e+01	5.40000e+01	-7.61356e-01
1.00000e+01	5.70000e+01	3.59434e-01
1.00000e+01	6.00000e+01	1.49415e+00
1.00000e+01	6.30000e+01	2.62627e+00
1.00000e+01	6.60000e+01	3.73890e+00
1.00000e+01	6.90000e+01	4.81353e+00
1.00000e+01	7.20000e+01	5.82913e+00
1.00000e+01	7.50000e+01	6.76174e+00
1.00000e+01	7.80000e+01	7.58473e+00
1.00000e+01	8.10000e+01	8.26976e+00
1.00000e+01	8.40000e+01	8.78846e+00
1.00000e+01	8.70000e+01	9.11457e+00
1.00000e+01	9.00000e+01	9.22643e+00
1.00000e+01	9.30000e+01	9.10954e+00
1.00000e+01	9.60000e+01	8.75901e+00
1.00000e+01	9.90000e+01	8.18188e+00
1.00000e+01	1.02000e+02	7.39902e+00
1.00000e+01	1.05000e+02	6.44646e+00
1.00000e+01	1.08000e+02	5.37420e+00
1.00000e+01	1.11000e+02	4.23714e+00
1.00000e+01	1.14000e+02	3.06485e+00
1.00000e+01	1.17000e+02	1.78647e+00
1.00000e+01	1.20000e+02	0.00000e+00

1.40000e+01	0.00000e+00	0.00000e+00
1.40000e+01	3.00000e+00	-1.52639e+00
1.40000e+01	6.00000e+00	-2.69597e+00
1.40000e+01	9.00000e+00	-3.72884e+00
1.40000e+01	1.20000e+01	-4.65755e+00
1.40000e+01	1.50000e+01	-5.47568e+00
1.40000e+01	1.80000e+01	-6.15758e+00
1.40000e+01	2.10000e+01	-6.67385e+00
1.40000e+01	2.40000e+01	-7.00005e+00
1.40000e+01	2.70000e+01	-7.12084e+00
1.40000e+01	3.00000e+01	-7.03137e+00
1.40000e+01	3.30000e+01	-6.73720e+00
1.40000e+01	3.60000e+01	-6.25294e+00
1.40000e+01	3.90000e+01	-5.60016e+00
1.40000e+01	4.20000e+01	-4.80477e+00
1.40000e+01	4.50000e+01	-3.89437e+00
1.40000e+01	4.80000e+01	-2.89582e+00
1.40000e+01	5.10000e+01	-1.83355e+00
1.40000e+01	5.40000e+01	-7.28539e-01
1.40000e+01	5.70000e+01	4.01803e-01
1.40000e+01	6.00000e+01	1.54290e+00
1.40000e+01	6.30000e+01	2.68161e+00
1.40000e+01	6.60000e+01	3.80444e+00
1.40000e+01	6.90000e+01	4.89573e+00
1.40000e+01	7.20000e+01	5.93632e+00
1.40000e+01	7.50000e+01	6.90288e+00
1.40000e+01	7.80000e+01	7.76814e+00
1.40000e+01	8.10000e+01	8.50207e+00
1.40000e+01	8.40000e+01	9.07387e+00
1.40000e+01	8.70000e+01	9.45461e+00
1.40000e+01	9.00000e+01	9.62037e+00
1.40000e+01	9.30000e+01	9.55513e+00
1.40000e+01	9.60000e+01	9.25327e+00
1.40000e+01	9.90000e+01	8.72103e+00
1.40000e+01	1.02000e+02	7.97665e+00
1.40000e+01	1.05000e+02	7.04860e+00
1.40000e+01	1.08000e+02	5.97041e+00
1.40000e+01	1.11000e+02	4.76954e+00
1.40000e+01	1.14000e+02	3.44772e+00
1.40000e+01	1.17000e+02	1.95528e+00
1.40000e+01	1.20000e+02	0.00000e+00

1.80000e+01	0.00000e+00	0.00000e+00
1.80000e+01	3.00000e+00	-1.53419e+00
1.80000e+01	6.00000e+00	-2.81235e+00
1.80000e+01	9.00000e+00	-3.95396e+00
1.80000e+01	1.20000e+01	-4.95793e+00
1.80000e+01	1.50000e+01	-5.81424e+00
1.80000e+01	1.80000e+01	-6.50434e+00
1.80000e+01	2.10000e+01	-7.00685e+00
1.80000e+01	2.40000e+01	-7.30317e+00
1.80000e+01	2.70000e+01	-7.38184e+00
1.80000e+01	3.00000e+01	-7.24117e+00
1.80000e+01	3.30000e+01	-6.89017e+00
1.80000e+01	3.60000e+01	-6.34784e+00
1.80000e+01	3.90000e+01	-5.64081e+00
1.80000e+01	4.20000e+01	-4.80004e+00
1.80000e+01	4.50000e+01	-3.85728e+00
1.80000e+01	4.80000e+01	-2.84207e+00
1.80000e+01	5.10000e+01	-1.77948e+00
1.80000e+01	5.40000e+01	-6.88935e-01
1.80000e+01	5.70000e+01	4.15827e-01
1.80000e+01	6.00000e+01	1.52568e+00
1.80000e+01	6.30000e+01	2.63392e+00
1.80000e+01	6.60000e+01	3.73349e+00
1.80000e+01	6.90000e+01	4.81420e+00
1.80000e+01	7.20000e+01	5.86056e+00
1.80000e+01	7.50000e+01	6.85075e+00
1.80000e+01	7.80000e+01	7.75674e+00
1.80000e+01	8.10000e+01	8.54559e+00
1.80000e+01	8.40000e+01	9.18196e+00
1.80000e+01	8.70000e+01	9.63146e+00
1.80000e+01	9.00000e+01	9.86465e+00
1.80000e+01	9.30000e+01	9.86075e+00
1.80000e+01	9.60000e+01	9.61028e+00
1.80000e+01	9.90000e+01	9.11580e+00
1.80000e+01	1.02000e+02	8.39070e+00
1.80000e+01	1.05000e+02	7.45590e+00
1.80000e+01	1.08000e+02	6.33441e+00
1.80000e+01	1.11000e+02	5.04409e+00
1.80000e+01	1.14000e+02	3.59035e+00
1.80000e+01	1.17000e+02	1.96499e+00
1.80000e+01	1.20000e+02	0.00000e+00

2.20000e+01	0.00000e+00	0.00000e+00
2.20000e+01	3.00000e+00	-1.54173e+00
2.20000e+01	6.00000e+00	-2.89566e+00
2.20000e+01	9.00000e+00	-4.12180e+00
2.20000e+01	1.20000e+01	-5.19663e+00
2.20000e+01	1.50000e+01	-6.10101e+00
2.20000e+01	1.80000e+01	-6.81511e+00
2.20000e+01	2.10000e+01	-7.31902e+00
2.20000e+01	2.40000e+01	-7.59601e+00
2.20000e+01	2.70000e+01	-7.63653e+00
2.20000e+01	3.00000e+01	-7.44167e+00
2.20000e+01	3.30000e+01	-7.02518e+00
2.20000e+01	3.60000e+01	-6.41302e+00
2.20000e+01	3.90000e+01	-5.64024e+00
2.20000e+01	4.20000e+01	-4.74612e+00
2.20000e+01	4.50000e+01	-3.76919e+00
2.20000e+01	4.80000e+01	-2.74317e+00
2.20000e+01	5.10000e+01	-1.69434e+00
2.20000e+01	5.40000e+01	-6.40028e-01
2.20000e+01	5.70000e+01	4.11490e-01
2.20000e+01	6.00000e+01	1.45937e+00
2.20000e+01	6.30000e+01	2.50684e+00
2.20000e+01	6.60000e+01	3.55679e+00
2.20000e+01	6.90000e+01	4.60734e+00
2.20000e+01	7.20000e+01	5.64847e+00
2.20000e+01	7.50000e+01	6.66045e+00
2.20000e+01	7.80000e+01	7.61384e+00
2.20000e+01	8.10000e+01	8.47111e+00
2.20000e+01	8.40000e+01	9.18946e+00
2.20000e+01	8.70000e+01	9.72526e+00
2.20000e+01	9.00000e+01	1.00397e+01
2.20000e+01	9.30000e+01	1.01041e+01
2.20000e+01	9.60000e+01	9.90376e+00
2.20000e+01	9.90000e+01	9.43789e+00
2.20000e+01	1.02000e+02	8.71741e+00
2.20000e+01	1.05000e+02	7.76060e+00
2.20000e+01	1.08000e+02	6.58819e+00
2.20000e+01	1.11000e+02	5.21927e+00
2.20000e+01	1.14000e+02	3.67033e+00
2.20000e+01	1.17000e+02	1.96141e+00
2.20000e+01	1.20000e+02	0.00000e+00

2.60000e+01	0.00000e+00	0.00000e+00
2.60000e+01	3.00000e+00	-1.58133e+00
2.60000e+01	6.00000e+00	-2.99698e+00
2.60000e+01	9.00000e+00	-4.28758e+00
2.60000e+01	1.20000e+01	-5.42095e+00
2.60000e+01	1.50000e+01	-6.37179e+00
2.60000e+01	1.80000e+01	-7.11623e+00
2.60000e+01	2.10000e+01	-7.63121e+00
2.60000e+01	2.40000e+01	-7.89706e+00
2.60000e+01	2.70000e+01	-7.90213e+00
2.60000e+01	3.00000e+01	-7.64798e+00
2.60000e+01	3.30000e+01	-7.15324e+00
2.60000e+01	3.60000e+01	-6.45371e+00
2.60000e+01	3.90000e+01	-5.59746e+00
2.60000e+01	4.20000e+01	-4.63650e+00
2.60000e+01	4.50000e+01	-3.61914e+00
2.60000e+01	4.80000e+01	-2.58508e+00
2.60000e+01	5.10000e+01	-1.56256e+00
2.60000e+01	5.40000e+01	-5.66548e-01
2.60000e+01	5.70000e+01	4.01883e-01
2.60000e+01	6.00000e+01	1.35364e+00
2.60000e+01	6.30000e+01	2.30648e+00
2.60000e+01	6.60000e+01	3.27782e+00
2.60000e+01	6.90000e+01	4.27757e+00
2.60000e+01	7.20000e+01	5.30306e+00
2.60000e+01	7.50000e+01	6.33699e+00
2.60000e+01	7.80000e+01	7.34790e+00
2.60000e+01	8.10000e+01	8.29178e+00
2.60000e+01	8.40000e+01	9.11500e+00
2.60000e+01	8.70000e+01	9.75970e+00
2.60000e+01	9.00000e+01	1.01724e+01
2.60000e+01	9.30000e+01	1.03133e+01
2.60000e+01	9.60000e+01	1.01623e+01
2.60000e+01	9.90000e+01	9.71804e+00
2.60000e+01	1.02000e+02	8.99381e+00
2.60000e+01	1.05000e+02	8.01119e+00
2.60000e+01	1.08000e+02	6.79449e+00
2.60000e+01	1.11000e+02	5.36760e+00
2.60000e+01	1.14000e+02	3.75483e+00
2.60000e+01	1.17000e+02	1.98748e+00
2.60000e+01	1.20000e+02	0.00000e+00

3.00000e+01	0.00000e+00	0.00000e+00
3.00000e+01	3.00000e+00	-1.64847e+00
3.00000e+01	6.00000e+00	-3.11580e+00
3.00000e+01	9.00000e+00	-4.45319e+00
3.00000e+01	1.20000e+01	-5.63105e+00
3.00000e+01	1.50000e+01	-6.62277e+00
3.00000e+01	1.80000e+01	-7.40054e+00
3.00000e+01	2.10000e+01	-7.93501e+00
3.00000e+01	2.40000e+01	-8.19846e+00
3.00000e+01	2.70000e+01	-8.17136e+00
3.00000e+01	3.00000e+01	-7.85114e+00
3.00000e+01	3.30000e+01	-7.26030e+00
3.00000e+01	3.60000e+01	-6.44872e+00
3.00000e+01	3.90000e+01	-5.48519e+00
3.00000e+01	4.20000e+01	-4.44047e+00
3.00000e+01	4.50000e+01	-3.37548e+00
3.00000e+01	4.80000e+01	-2.33678e+00
3.00000e+01	5.10000e+01	-1.35535e+00
3.00000e+01	5.40000e+01	-4.44518e-01
3.00000e+01	5.70000e+01	4.03207e-01
3.00000e+01	6.00000e+01	1.21487e+00
3.00000e+01	6.30000e+01	2.02918e+00
3.00000e+01	6.60000e+01	2.88454e+00
3.00000e+01	6.90000e+01	3.80708e+00
3.00000e+01	7.20000e+01	4.80296e+00
3.00000e+01	7.50000e+01	5.85697e+00
3.00000e+01	7.80000e+01	6.93524e+00
3.00000e+01	8.10000e+01	7.98664e+00
3.00000e+01	8.40000e+01	8.94360e+00
3.00000e+01	8.70000e+01	9.72707e+00
3.00000e+01	9.00000e+01	1.02601e+01
3.00000e+01	9.30000e+01	1.04870e+01
3.00000e+01	9.60000e+01	1.03832e+01
3.00000e+01	9.90000e+01	9.95249e+00
3.00000e+01	1.02000e+02	9.21740e+00
3.00000e+01	1.05000e+02	8.20898e+00
3.00000e+01	1.08000e+02	6.95903e+00
3.00000e+01	1.11000e+02	5.49631e+00
3.00000e+01	1.14000e+02	3.84702e+00
3.00000e+01	1.17000e+02	2.03996e+00
3.00000e+01	1.20000e+02	0.00000e+00

3.40000e+01	0.00000e+00	0.00000e+00
3.40000e+01	3.00000e+00	-1.72050e+00
3.40000e+01	6.00000e+00	-3.22076e+00
3.40000e+01	9.00000e+00	-4.58275e+00
3.40000e+01	1.20000e+01	-5.78778e+00
3.40000e+01	1.50000e+01	-6.81255e+00
3.40000e+01	1.80000e+01	-7.62640e+00
3.40000e+01	2.10000e+01	-8.19146e+00
3.40000e+01	2.40000e+01	-8.46645e+00
3.40000e+01	2.70000e+01	-8.41560e+00
3.40000e+01	3.00000e+01	-8.02343e+00
3.40000e+01	3.30000e+01	-7.31273e+00
3.40000e+01	3.60000e+01	-6.35487e+00
3.40000e+01	3.90000e+01	-5.25500e+00
3.40000e+01	4.20000e+01	-4.11097e+00
3.40000e+01	4.50000e+01	-2.99583e+00
3.40000e+01	4.80000e+01	-1.96007e+00
3.40000e+01	5.10000e+01	-1.03780e+00
3.40000e+01	5.40000e+01	-2.44755e-01
3.40000e+01	5.70000e+01	4.34291e-01
3.40000e+01	6.00000e+01	1.04807e+00
3.40000e+01	6.30000e+01	1.66594e+00
3.40000e+01	6.60000e+01	2.35693e+00
3.40000e+01	6.90000e+01	3.16882e+00
3.40000e+01	7.20000e+01	4.11589e+00
3.40000e+01	7.50000e+01	5.18168e+00
3.40000e+01	7.80000e+01	6.33058e+00
3.40000e+01	8.10000e+01	7.50806e+00
3.40000e+01	8.40000e+01	8.63311e+00
3.40000e+01	8.70000e+01	9.59583e+00
3.40000e+01	9.00000e+01	1.02776e+01
3.40000e+01	9.30000e+01	1.05984e+01
3.40000e+01	9.60000e+01	1.05334e+01
3.40000e+01	9.90000e+01	1.01017e+01
3.40000e+01	1.02000e+02	9.34492e+00
3.40000e+01	1.05000e+02	8.31038e+00
3.40000e+01	1.08000e+02	7.04012e+00
3.40000e+01	1.11000e+02	5.56654e+00
3.40000e+01	1.14000e+02	3.91219e+00
3.40000e+01	1.17000e+02	2.09307e+00
3.40000e+01	1.20000e+02	0.00000e+00

3.80000e+01	0.00000e+00	0.00000e+00
3.80000e+01	3.00000e+00	-1.76297e+00
3.80000e+01	6.00000e+00	-3.26001e+00
3.80000e+01	9.00000e+00	-4.61348e+00
3.80000e+01	1.20000e+01	-5.82085e+00
3.80000e+01	1.50000e+01	-6.86560e+00
3.80000e+01	1.80000e+01	-7.71624e+00
3.80000e+01	2.10000e+01	-8.32601e+00
3.80000e+01	2.40000e+01	-8.63522e+00
3.80000e+01	2.70000e+01	-8.58045e+00
3.80000e+01	3.00000e+01	-8.11661e+00
3.80000e+01	3.30000e+01	-7.25502e+00
3.80000e+01	3.60000e+01	-6.10118e+00
3.80000e+01	3.90000e+01	-4.83576e+00
3.80000e+01	4.20000e+01	-3.59193e+00
3.80000e+01	4.50000e+01	-2.44200e+00
3.80000e+01	4.80000e+01	-1.42626e+00
3.80000e+01	5.10000e+01	-5.80650e-01
3.80000e+01	5.40000e+01	6.11792e-02
3.80000e+01	5.70000e+01	5.14838e-01
3.80000e+01	6.00000e+01	8.58349e-01
3.80000e+01	6.30000e+01	1.20709e+00
3.80000e+01	6.60000e+01	1.67589e+00
3.80000e+01	6.90000e+01	2.34132e+00
3.80000e+01	7.20000e+01	3.21798e+00
3.80000e+01	7.50000e+01	4.27405e+00
3.80000e+01	7.80000e+01	5.47535e+00
3.80000e+01	8.10000e+01	6.78021e+00
3.80000e+01	8.40000e+01	8.10830e+00
3.80000e+01	8.70000e+01	9.30874e+00
3.80000e+01	9.00000e+01	1.01762e+01
3.80000e+01	9.30000e+01	1.05914e+01
3.80000e+01	9.60000e+01	1.05431e+01
3.80000e+01	9.90000e+01	1.00848e+01
3.80000e+01	1.02000e+02	9.29114e+00
3.80000e+01	1.05000e+02	8.23144e+00
3.80000e+01	1.08000e+02	6.95877e+00
3.80000e+01	1.11000e+02	5.50690e+00
3.80000e+01	1.14000e+02	3.89058e+00
3.80000e+01	1.17000e+02	2.10658e+00
3.80000e+01	1.20000e+02	0.00000e+00

4.20000e+01	0.00000e+00	0.00000e+00
4.20000e+01	3.00000e+00	-1.73367e+00
4.20000e+01	6.00000e+00	-3.17056e+00
4.20000e+01	9.00000e+00	-4.46815e+00
4.20000e+01	1.20000e+01	-5.64051e+00
4.20000e+01	1.50000e+01	-6.67956e+00
4.20000e+01	1.80000e+01	-7.55643e+00
4.20000e+01	2.10000e+01	-8.21948e+00
4.20000e+01	2.40000e+01	-8.59101e+00
4.20000e+01	2.70000e+01	-8.56897e+00
4.20000e+01	3.00000e+01	-8.04952e+00
4.20000e+01	3.30000e+01	-6.99693e+00
4.20000e+01	3.60000e+01	-5.56598e+00
4.20000e+01	3.90000e+01	-4.12609e+00
4.20000e+01	4.20000e+01	-2.83308e+00
4.20000e+01	4.50000e+01	-1.71110e+00
4.20000e+01	4.80000e+01	-7.51820e-01
4.20000e+01	5.10000e+01	1.54989e-02
4.20000e+01	5.40000e+01	4.88321e-01
4.20000e+01	5.70000e+01	6.60051e-01
4.20000e+01	6.00000e+01	6.52074e-01
4.20000e+01	6.30000e+01	6.49934e-01
4.20000e+01	6.60000e+01	8.38391e-01
4.20000e+01	6.90000e+01	1.33594e+00
4.20000e+01	7.20000e+01	2.13238e+00
4.20000e+01	7.50000e+01	3.13224e+00
4.20000e+01	7.80000e+01	4.31390e+00
4.20000e+01	8.10000e+01	5.69068e+00
4.20000e+01	8.40000e+01	7.23529e+00
4.20000e+01	8.70000e+01	8.76917e+00
4.20000e+01	9.00000e+01	9.87017e+00
4.20000e+01	9.30000e+01	1.03622e+01
4.20000e+01	9.60000e+01	1.02881e+01
4.20000e+01	9.90000e+01	9.77010e+00
4.20000e+01	1.02000e+02	8.92915e+00
4.20000e+01	1.05000e+02	7.85689e+00
4.20000e+01	1.08000e+02	6.61296e+00
4.20000e+01	1.11000e+02	5.22859e+00
4.20000e+01	1.14000e+02	3.70881e+00
4.20000e+01	1.17000e+02	2.03063e+00
4.20000e+01	1.20000e+02	0.00000e+00

4.60000e+01	0.00000e+00	0.00000e+00
4.60000e+01	3.00000e+00	-1.59169e+00
4.60000e+01	6.00000e+00	-2.89486e+00
4.60000e+01	9.00000e+00	-4.07685e+00
4.60000e+01	1.20000e+01	-5.16086e+00
4.60000e+01	1.50000e+01	-6.14489e+00
4.60000e+01	1.80000e+01	-7.00655e+00
4.60000e+01	2.10000e+01	-7.69962e+00
4.60000e+01	2.40000e+01	-8.14173e+00
4.60000e+01	2.70000e+01	-8.19544e+00
4.60000e+01	3.00000e+01	-7.66278e+00
4.60000e+01	3.30000e+01	-6.37121e+00
4.60000e+01	3.60000e+01	-4.51881e+00
4.60000e+01	3.90000e+01	-2.99472e+00
4.60000e+01	4.20000e+01	-1.82994e+00
4.60000e+01	4.50000e+01	-8.95018e-01
4.60000e+01	4.80000e+01	-7.04362e-02
4.60000e+01	5.10000e+01	6.69240e-01
4.60000e+01	5.40000e+01	1.00821e+00
4.60000e+01	5.70000e+01	8.63728e-01
4.60000e+01	6.00000e+01	4.38370e-01
4.60000e+01	6.30000e+01	1.80633e-02
4.60000e+01	6.60000e+01	-1.10894e-01
4.60000e+01	6.90000e+01	2.50794e-01
4.60000e+01	7.20000e+01	1.00437e+00
4.60000e+01	7.50000e+01	1.85427e+00
4.60000e+01	7.80000e+01	2.83890e+00
4.60000e+01	8.10000e+01	4.09188e+00
4.60000e+01	8.40000e+01	5.75671e+00
4.60000e+01	8.70000e+01	7.79434e+00
4.60000e+01	9.00000e+01	9.18707e+00
4.60000e+01	9.30000e+01	9.70791e+00
4.60000e+01	9.60000e+01	9.55596e+00
4.60000e+01	9.90000e+01	8.96528e+00
4.60000e+01	1.02000e+02	8.10133e+00
4.60000e+01	1.05000e+02	7.06339e+00
4.60000e+01	1.08000e+02	5.90556e+00
4.60000e+01	1.11000e+02	4.65169e+00
4.60000e+01	1.14000e+02	3.29988e+00
4.60000e+01	1.17000e+02	1.81659e+00
4.60000e+01	1.20000e+02	0.00000e+00

5.00000e+01	0.00000e+00	0.00000e+00
5.00000e+01	3.00000e+00	-1.31445e+00
5.00000e+01	6.00000e+00	-2.40813e+00
5.00000e+01	9.00000e+00	-3.41247e+00
5.00000e+01	1.20000e+01	-4.34220e+00
5.00000e+01	1.50000e+01	-5.19136e+00
5.00000e+01	1.80000e+01	-5.94203e+00
5.00000e+01	2.10000e+01	-6.56233e+00
5.00000e+01	2.40000e+01	-6.98983e+00
5.00000e+01	2.70000e+01	-7.08753e+00
5.00000e+01	3.00000e+01	-6.55749e+00
5.00000e+01	3.30000e+01	-4.91293e+00
5.00000e+01	3.60000e+01	-2.55500e+00
5.00000e+01	3.90000e+01	-1.39348e+00
5.00000e+01	4.20000e+01	-7.27582e-01
5.00000e+01	4.50000e+01	-2.42119e-01
5.00000e+01	4.80000e+01	2.69834e-01
5.00000e+01	5.10000e+01	1.08087e+00
5.00000e+01	5.40000e+01	1.46394e+00
5.00000e+01	5.70000e+01	1.04523e+00
5.00000e+01	6.00000e+01	2.32884e-01
5.00000e+01	6.30000e+01	-5.80557e-01
5.00000e+01	6.60000e+01	-9.96619e-01
5.00000e+01	6.90000e+01	-5.95786e-01
5.00000e+01	7.20000e+01	1.98191e-01
5.00000e+01	7.50000e+01	7.10183e-01
5.00000e+01	7.80000e+01	1.21490e+00
5.00000e+01	8.10000e+01	1.93354e+00
5.00000e+01	8.40000e+01	3.21860e+00
5.00000e+01	8.70000e+01	5.86507e+00
5.00000e+01	9.00000e+01	7.68684e+00
5.00000e+01	9.30000e+01	8.21695e+00
5.00000e+01	9.60000e+01	8.01452e+00
5.00000e+01	9.90000e+01	7.44051e+00
5.00000e+01	1.02000e+02	6.66778e+00
5.00000e+01	1.05000e+02	5.77403e+00
5.00000e+01	1.08000e+02	4.79522e+00
5.00000e+01	1.11000e+02	3.74858e+00
5.00000e+01	1.14000e+02	2.63686e+00
5.00000e+01	1.17000e+02	1.43789e+00
5.00000e+01	1.20000e+02	0.00000e+00

5.40000e+01	0.00000e+00	0.00000e+00
5.40000e+01	3.00000e+00	-9.18063e-01
5.40000e+01	6.00000e+00	-1.74937e+00
5.40000e+01	9.00000e+00	-2.53288e+00
5.40000e+01	1.20000e+01	-3.24972e+00
5.40000e+01	1.50000e+01	-3.87170e+00
5.40000e+01	1.80000e+01	-4.36979e+00
5.40000e+01	2.10000e+01	-4.71176e+00
5.40000e+01	2.40000e+01	-4.84771e+00
5.40000e+01	2.70000e+01	-4.65838e+00
5.40000e+01	3.00000e+01	-3.70911e+00
5.40000e+01	3.30000e+01	-3.39074e-23
5.40000e+01	3.60000e+01	1.34235e-23
5.40000e+01	3.90000e+01	7.84702e-24
5.40000e+01	4.20000e+01	2.95039e-24
5.40000e+01	4.50000e+01	-1.71225e-24
5.40000e+01	4.80000e+01	-7.59531e-24
5.40000e+01	5.10000e+01	-2.71051e-20
5.40000e+01	5.40000e+01	1.33882e+00
5.40000e+01	5.70000e+01	9.28558e-01
5.40000e+01	6.00000e+01	6.80787e-02
5.40000e+01	6.30000e+01	-8.10959e-01
5.40000e+01	6.60000e+01	-1.27633e+00
5.40000e+01	6.90000e+01	9.41648e-24
5.40000e+01	7.20000e+01	1.32773e-23
5.40000e+01	7.50000e+01	7.11444e-24
5.40000e+01	7.80000e+01	6.21169e-24
5.40000e+01	8.10000e+01	1.32001e-23
5.40000e+01	8.40000e+01	3.92356e-23
5.40000e+01	8.70000e+01	0.00000e+00
5.40000e+01	9.00000e+01	4.23536e+00
5.40000e+01	9.30000e+01	5.24074e+00
5.40000e+01	9.60000e+01	5.33725e+00
5.40000e+01	9.90000e+01	5.08260e+00
5.40000e+01	1.02000e+02	4.63708e+00
5.40000e+01	1.05000e+02	4.05630e+00
5.40000e+01	1.08000e+02	3.36785e+00
5.40000e+01	1.11000e+02	2.59718e+00
5.40000e+01	1.14000e+02	1.77303e+00
5.40000e+01	1.17000e+02	9.16772e-01
5.40000e+01	1.20000e+02	0.00000e+00

5.80000e+01	0.00000e+00	0.00000e+00
5.80000e+01	3.00000e+00	-4.68041e-01
5.80000e+01	6.00000e+00	-1.03719e+00
5.80000e+01	9.00000e+00	-1.60403e+00
5.80000e+01	1.20000e+01	-2.09366e+00
5.80000e+01	1.50000e+01	-2.44341e+00
5.80000e+01	1.80000e+01	-2.60416e+00
5.80000e+01	2.10000e+01	-2.52306e+00
5.80000e+01	2.40000e+01	-2.11358e+00
5.80000e+01	2.70000e+01	-1.25162e+00
5.80000e+01	3.00000e+01	-2.99307e-23
5.80000e+01	3.30000e+01	9.49504e-24
5.80000e+01	3.60000e+01	2.96392e-24
5.80000e+01	3.90000e+01	-4.82527e-26
5.80000e+01	4.20000e+01	-1.97189e-24
5.80000e+01	4.50000e+01	-3.52602e-24
5.80000e+01	4.80000e+01	-3.15448e-24
5.80000e+01	5.10000e+01	5.69186e-24
5.80000e+01	5.40000e+01	1.35525e-20
5.80000e+01	5.70000e+01	1.17969e-01
5.80000e+01	6.00000e+01	-3.05778e-03
5.80000e+01	6.30000e+01	-1.20099e-01
5.80000e+01	6.60000e+01	-8.54293e-24
5.80000e+01	6.90000e+01	1.09320e-23
5.80000e+01	7.20000e+01	9.92039e-24
5.80000e+01	7.50000e+01	7.69857e-24
5.80000e+01	7.80000e+01	6.86044e-24
5.80000e+01	8.10000e+01	8.93564e-24
5.80000e+01	8.40000e+01	1.58338e-23
5.80000e+01	8.70000e+01	3.09884e-23
5.80000e+01	9.00000e+01	-1.08420e-19
5.80000e+01	9.30000e+01	1.18554e+00
5.80000e+01	9.60000e+01	1.94168e+00
5.80000e+01	9.90000e+01	2.29478e+00
5.80000e+01	1.02000e+02	2.36876e+00
5.80000e+01	1.05000e+02	2.22332e+00
5.80000e+01	1.08000e+02	1.89078e+00
5.80000e+01	1.11000e+02	1.41461e+00
5.80000e+01	1.14000e+02	8.66390e-01
5.80000e+01	1.17000e+02	3.41516e-01
5.80000e+01	1.20000e+02	0.00000e+00

6.20000e+01	0.00000e+00	0.00000e+00
6.20000e+01	3.00000e+00	-7.07422e-02
6.20000e+01	6.00000e+00	-4.55209e-01
6.20000e+01	9.00000e+00	-8.73479e-01
6.20000e+01	1.20000e+01	-1.18194e+00
6.20000e+01	1.50000e+01	-1.29781e+00
6.20000e+01	1.80000e+01	-1.20440e+00
6.20000e+01	2.10000e+01	-9.40491e-01
6.20000e+01	2.40000e+01	-5.82561e-01
6.20000e+01	2.70000e+01	-2.30150e-01
6.20000e+01	3.00000e+01	8.81247e-23
6.20000e+01	3.30000e+01	4.26249e-24
6.20000e+01	3.60000e+01	-1.37515e-23
6.20000e+01	3.90000e+01	-9.87865e-24
6.20000e+01	4.20000e+01	-7.55107e-24
6.20000e+01	4.50000e+01	-8.76328e-24
6.20000e+01	4.80000e+01	-1.37813e-23
6.20000e+01	5.10000e+01	-2.30255e-23
6.20000e+01	5.40000e+01	-1.03762e-19
6.20000e+01	5.70000e+01	-4.02395e-02
6.20000e+01	6.00000e+01	-7.00534e-02
6.20000e+01	6.30000e+01	-5.07686e-02
6.20000e+01	6.60000e+01	2.27407e-23
6.20000e+01	6.90000e+01	1.29512e-23
6.20000e+01	7.20000e+01	8.71513e-24
6.20000e+01	7.50000e+01	5.82281e-24
6.20000e+01	7.80000e+01	2.32994e-24
6.20000e+01	8.10000e+01	-3.90301e-24
6.20000e+01	8.40000e+01	-2.22503e-23
6.20000e+01	8.70000e+01	-6.21220e-23
6.20000e+01	9.00000e+01	-1.35525e-20
6.20000e+01	9.30000e+01	-4.51282e-01
6.20000e+01	9.60000e+01	-3.17199e-01
6.20000e+01	9.90000e+01	1.07832e-01
6.20000e+01	1.02000e+02	5.29891e-01
6.20000e+01	1.05000e+02	7.75373e-01
6.20000e+01	1.08000e+02	7.70477e-01
6.20000e+01	1.11000e+02	5.31780e-01
6.20000e+01	1.14000e+02	1.65548e-01
6.20000e+01	1.17000e+02	-1.40530e-01
6.20000e+01	1.20000e+02	0.00000e+00

6.60000e+01	0.00000e+00	0.00000e+00
6.60000e+01	3.00000e+00	1.36880e-01
6.60000e+01	6.00000e+00	-2.28613e-01
6.60000e+01	9.00000e+00	-6.16511e-01
6.60000e+01	1.20000e+01	-7.95011e-01
6.60000e+01	1.50000e+01	-6.64285e-01
6.60000e+01	1.80000e+01	-2.57795e-01
6.60000e+01	2.10000e+01	2.71749e-01
6.60000e+01	2.40000e+01	6.71900e-01
6.60000e+01	2.70000e+01	6.30362e-01
6.60000e+01	3.00000e+01	3.55302e-22
6.60000e+01	3.30000e+01	-1.19001e-22
6.60000e+01	3.60000e+01	-6.93766e-23
6.60000e+01	3.90000e+01	-1.69619e-23
6.60000e+01	4.20000e+01	-6.83726e-24
6.60000e+01	4.50000e+01	-7.23464e-24
6.60000e+01	4.80000e+01	-1.68948e-23
6.60000e+01	5.10000e+01	-7.20819e-23
6.60000e+01	5.40000e+01	8.80914e-20
6.60000e+01	5.70000e+01	-2.80951e-01
6.60000e+01	6.00000e+01	-2.68349e-01
6.60000e+01	6.30000e+01	-1.17504e-01
6.60000e+01	6.60000e+01	6.65788e-23
6.60000e+01	6.90000e+01	6.61051e-24
6.60000e+01	7.20000e+01	5.12095e-24
6.60000e+01	7.50000e+01	5.01470e-24
6.60000e+01	7.80000e+01	2.67073e-24
6.60000e+01	8.10000e+01	4.79492e-24
6.60000e+01	8.40000e+01	-2.20686e-23
6.60000e+01	8.70000e+01	-3.62663e-23
6.60000e+01	9.00000e+01	-3.18855e+00
6.60000e+01	9.30000e+01	-3.35560e+00
6.60000e+01	9.60000e+01	-2.60732e+00
6.60000e+01	9.90000e+01	-1.58079e+00
6.60000e+01	1.02000e+02	-6.04350e-01
6.60000e+01	1.05000e+02	1.01805e-01
6.60000e+01	1.08000e+02	4.11881e-01
6.60000e+01	1.11000e+02	3.20904e-01
6.60000e+01	1.14000e+02	-2.95414e-02
6.60000e+01	1.17000e+02	-3.42961e-01
6.60000e+01	1.20000e+02	0.00000e+00

7.00000e+01	0.00000e+00	0.00000e+00
7.00000e+01	3.00000e+00	-3.14534e-02
7.00000e+01	6.00000e+00	-6.36052e-01
7.00000e+01	9.00000e+00	-1.14676e+00
7.00000e+01	1.20000e+01	-1.22552e+00
7.00000e+01	1.50000e+01	-7.53702e-01
7.00000e+01	1.80000e+01	1.92288e-01
7.00000e+01	2.10000e+01	1.39247e+00
7.00000e+01	2.40000e+01	2.54711e+00
7.00000e+01	2.70000e+01	3.29320e+00
7.00000e+01	3.00000e+01	3.04206e+00
7.00000e+01	3.30000e+01	2.16969e-22
7.00000e+01	3.60000e+01	-1.29973e-22
7.00000e+01	3.90000e+01	5.11364e-23
7.00000e+01	4.20000e+01	1.25825e-23
7.00000e+01	4.50000e+01	1.07612e-23
7.00000e+01	4.80000e+01	6.09296e-23
7.00000e+01	5.10000e+01	-1.37736e-22
7.00000e+01	5.40000e+01	-1.66260e+00
7.00000e+01	5.70000e+01	-1.40417e+00
7.00000e+01	6.00000e+01	-7.12210e-01
7.00000e+01	6.30000e+01	-1.37751e-01
7.00000e+01	6.60000e+01	2.19928e-22
7.00000e+01	6.90000e+01	-1.04239e-22
7.00000e+01	7.20000e+01	-9.32551e-25
7.00000e+01	7.50000e+01	8.18477e-24
7.00000e+01	7.80000e+01	-4.93184e-24
7.00000e+01	8.10000e+01	6.50289e-23
7.00000e+01	8.40000e+01	-2.15459e-22
7.00000e+01	8.70000e+01	-2.58691e+00
7.00000e+01	9.00000e+01	-4.47956e+00
7.00000e+01	9.30000e+01	-4.60994e+00
7.00000e+01	9.60000e+01	-3.62161e+00
7.00000e+01	9.90000e+01	-2.13002e+00
7.00000e+01	1.02000e+02	-6.04884e-01
7.00000e+01	1.05000e+02	5.89441e-01
7.00000e+01	1.08000e+02	1.20343e+00
7.00000e+01	1.11000e+02	1.16045e+00
7.00000e+01	1.14000e+02	6.09826e-01
7.00000e+01	1.17000e+02	-4.42483e-02
7.00000e+01	1.20000e+02	0.00000e+00

7.40000e+01	0.00000e+00	0.00000e+00
7.40000e+01	3.00000e+00	-8.20281e-01
7.40000e+01	6.00000e+00	-1.99879e+00
7.40000e+01	9.00000e+00	-2.79841e+00
7.40000e+01	1.20000e+01	-2.79014e+00
7.40000e+01	1.50000e+01	-1.86841e+00
7.40000e+01	1.80000e+01	-2.10748e-01
7.40000e+01	2.10000e+01	1.81248e+00
7.40000e+01	2.40000e+01	3.77844e+00
7.40000e+01	2.70000e+01	5.25097e+00
7.40000e+01	3.00000e+01	5.72116e+00
7.40000e+01	3.30000e+01	4.58044e+00
7.40000e+01	3.60000e+01	2.01580e+00
7.40000e+01	3.90000e+01	2.44502e-22
7.40000e+01	4.20000e+01	-3.33021e-23
7.40000e+01	4.50000e+01	-8.83837e-23
7.40000e+01	4.80000e+01	-7.56385e-01
7.40000e+01	5.10000e+01	-1.85817e+00
7.40000e+01	5.40000e+01	-2.14628e+00
7.40000e+01	5.70000e+01	-1.44724e+00
7.40000e+01	6.00000e+01	-2.57972e-01
7.40000e+01	6.30000e+01	9.87108e-01
7.40000e+01	6.60000e+01	1.77099e+00
7.40000e+01	6.90000e+01	6.83706e-01
7.40000e+01	7.20000e+01	8.76289e-23
7.40000e+01	7.50000e+01	5.08827e-23
7.40000e+01	7.80000e+01	-2.25528e-22
7.40000e+01	8.10000e+01	-2.00036e+00
7.40000e+01	8.40000e+01	-4.59225e+00
7.40000e+01	8.70000e+01	-5.89465e+00
7.40000e+01	9.00000e+01	-6.28906e+00
7.40000e+01	9.30000e+01	-5.55730e+00
7.40000e+01	9.60000e+01	-3.90315e+00
7.40000e+01	9.90000e+01	-1.71890e+00
7.40000e+01	1.02000e+02	5.37229e-01
7.40000e+01	1.05000e+02	2.38245e+00
7.40000e+01	1.08000e+02	3.39006e+00
7.40000e+01	1.11000e+02	3.35536e+00
7.40000e+01	1.14000e+02	2.39675e+00
7.40000e+01	1.17000e+02	1.00088e+00
7.40000e+01	1.20000e+02	0.00000e+00

7.80000e+01	0.00000e+00	0.00000e+00
7.80000e+01	3.00000e+00	-2.46366e+00
7.80000e+01	6.00000e+00	-4.55972e+00
7.80000e+01	9.00000e+00	-5.77165e+00
7.80000e+01	1.20000e+01	-5.63582e+00
7.80000e+01	1.50000e+01	-4.09215e+00
7.80000e+01	1.80000e+01	-1.50135e+00
7.80000e+01	2.10000e+01	1.47598e+00
7.80000e+01	2.40000e+01	4.27041e+00
7.80000e+01	2.70000e+01	6.45619e+00
7.80000e+01	3.00000e+01	7.68709e+00
7.80000e+01	3.30000e+01	7.71085e+00
7.80000e+01	3.60000e+01	6.65742e+00
7.80000e+01	3.90000e+01	5.34125e+00
7.80000e+01	4.20000e+01	2.77734e+00
7.80000e+01	4.50000e+01	5.12418e-01
7.80000e+01	4.80000e+01	-9.30434e-01
7.80000e+01	5.10000e+01	-1.84040e+00
7.80000e+01	5.40000e+01	-1.87828e+00
7.80000e+01	5.70000e+01	-1.14993e+00
7.80000e+01	6.00000e+01	-1.62869e-02
7.80000e+01	6.30000e+01	1.10204e+00
7.80000e+01	6.60000e+01	1.71459e+00
7.80000e+01	6.90000e+01	1.29610e+00
7.80000e+01	7.20000e+01	3.48865e-01
7.80000e+01	7.50000e+01	-1.57594e+00
7.80000e+01	7.80000e+01	-4.16605e+00
7.80000e+01	8.10000e+01	-5.88971e+00
7.80000e+01	8.40000e+01	-7.51279e+00
7.80000e+01	8.70000e+01	-8.16138e+00
7.80000e+01	9.00000e+01	-7.70074e+00
7.80000e+01	9.30000e+01	-6.16951e+00
7.80000e+01	9.60000e+01	-3.73886e+00
7.80000e+01	9.90000e+01	-6.90302e-01
7.80000e+01	1.02000e+02	2.54956e+00
7.80000e+01	1.05000e+02	5.35560e+00
7.80000e+01	1.08000e+02	6.98366e+00
7.80000e+01	1.11000e+02	7.02202e+00
7.80000e+01	1.14000e+02	5.52731e+00
7.80000e+01	1.17000e+02	3.00768e+00
7.80000e+01	1.20000e+02	0.00000e+00

8.20000e+01	0.00000e+00	0.00000e+00
8.20000e+01	3.00000e+00	-4.98258e+00
8.20000e+01	6.00000e+00	-8.20849e+00
8.20000e+01	9.00000e+00	-9.86308e+00
8.20000e+01	1.20000e+01	-9.51681e+00
8.20000e+01	1.50000e+01	-7.10113e+00
8.20000e+01	1.80000e+01	-3.23993e+00
8.20000e+01	2.10000e+01	7.72031e-01
8.20000e+01	2.40000e+01	4.26789e+00
8.20000e+01	2.70000e+01	6.98121e+00
8.20000e+01	3.00000e+01	8.77037e+00
8.20000e+01	3.30000e+01	9.45453e+00
8.20000e+01	3.60000e+01	8.77865e+00
8.20000e+01	3.90000e+01	6.92994e+00
8.20000e+01	4.20000e+01	4.04439e+00
8.20000e+01	4.50000e+01	1.20508e+00
8.20000e+01	4.80000e+01	-7.84751e-01
8.20000e+01	5.10000e+01	-1.70421e+00
8.20000e+01	5.40000e+01	-1.61459e+00
8.20000e+01	5.70000e+01	-9.13136e-01
8.20000e+01	6.00000e+01	5.47754e-02
8.20000e+01	6.30000e+01	9.80161e-01
8.20000e+01	6.60000e+01	1.53906e+00
8.20000e+01	6.90000e+01	1.38185e+00
8.20000e+01	7.20000e+01	2.40907e-01
8.20000e+01	7.50000e+01	-2.05684e+00
8.20000e+01	7.80000e+01	-4.96624e+00
8.20000e+01	8.10000e+01	-7.43352e+00
8.20000e+01	8.40000e+01	-9.12752e+00
8.20000e+01	8.70000e+01	-9.52944e+00
8.20000e+01	9.00000e+01	-8.52074e+00
8.20000e+01	9.30000e+01	-6.42707e+00
8.20000e+01	9.60000e+01	-3.41344e+00
8.20000e+01	9.90000e+01	4.16059e-01
8.20000e+01	1.02000e+02	4.80168e+00
8.20000e+01	1.05000e+02	9.01226e+00
8.20000e+01	1.08000e+02	1.15934e+01
8.20000e+01	1.11000e+02	1.18426e+01
8.20000e+01	1.14000e+02	9.81572e+00
8.20000e+01	1.17000e+02	5.96599e+00
8.20000e+01	1.20000e+02	0.00000e+00

8.60000e+01	0.00000e+00	0.00000e+00
8.60000e+01	3.00000e+00	-7.79060e+00
8.60000e+01	6.00000e+00	-1.20194e+01
8.60000e+01	9.00000e+00	-1.40618e+01
8.60000e+01	1.20000e+01	-1.35141e+01
8.60000e+01	1.50000e+01	-9.98251e+00
8.60000e+01	1.80000e+01	-4.38306e+00
8.60000e+01	2.10000e+01	3.67843e-01
8.60000e+01	2.40000e+01	3.97133e+00
8.60000e+01	2.70000e+01	6.65392e+00
8.60000e+01	3.00000e+01	8.64869e+00
8.60000e+01	3.30000e+01	9.93261e+00
8.60000e+01	3.60000e+01	9.43562e+00
8.60000e+01	3.90000e+01	7.22812e+00
8.60000e+01	4.20000e+01	4.00332e+00
8.60000e+01	4.50000e+01	8.10466e-01
8.60000e+01	4.80000e+01	-1.38221e+00
8.60000e+01	5.10000e+01	-2.02804e+00
8.60000e+01	5.40000e+01	-1.50157e+00
8.60000e+01	5.70000e+01	-7.37310e-01
8.60000e+01	6.00000e+01	6.15148e-02
8.60000e+01	6.30000e+01	8.21153e-01
8.60000e+01	6.60000e+01	1.47332e+00
8.60000e+01	6.90000e+01	1.84017e+00
8.60000e+01	7.20000e+01	1.03154e+00
8.60000e+01	7.50000e+01	-1.32577e+00
8.60000e+01	7.80000e+01	-4.56015e+00
8.60000e+01	8.10000e+01	-7.64109e+00
8.60000e+01	8.40000e+01	-9.69057e+00
8.60000e+01	8.70000e+01	-9.95926e+00
8.60000e+01	9.00000e+01	-8.38981e+00
8.60000e+01	9.30000e+01	-6.11735e+00
8.60000e+01	9.60000e+01	-3.14234e+00
8.60000e+01	9.90000e+01	8.24796e-01
8.60000e+01	1.02000e+02	6.06491e+00
8.60000e+01	1.05000e+02	1.22574e+01
8.60000e+01	1.08000e+02	1.61127e+01
8.60000e+01	1.11000e+02	1.66237e+01
8.60000e+01	1.14000e+02	1.41908e+01
8.60000e+01	1.17000e+02	9.21014e+00
8.60000e+01	1.20000e+02	0.00000e+00

9.00000e+01	0.00000e+00	0.00000e+00
9.00000e+01	3.00000e+00	-9.27113e+00
9.00000e+01	6.00000e+00	-1.38139e+01
9.00000e+01	9.00000e+00	-1.60834e+01
9.00000e+01	1.20000e+01	-1.55228e+01
9.00000e+01	1.50000e+01	-1.05902e+01
9.00000e+01	1.80000e+01	-3.16343e+00
9.00000e+01	2.10000e+01	7.36566e-01
9.00000e+01	2.40000e+01	3.06984e+00
9.00000e+01	2.70000e+01	4.69845e+00
9.00000e+01	3.00000e+01	6.19893e+00
9.00000e+01	3.30000e+01	8.38991e+00
9.00000e+01	3.60000e+01	8.54555e+00
9.00000e+01	3.90000e+01	6.30834e+00
9.00000e+01	4.20000e+01	2.89085e+00
9.00000e+01	4.50000e+01	-5.16556e-01
9.00000e+01	4.80000e+01	-2.69037e+00
9.00000e+01	5.10000e+01	-2.42601e+00
9.00000e+01	5.40000e+01	-1.05348e+00
9.00000e+01	5.70000e+01	-3.96699e-01
9.00000e+01	6.00000e+01	4.61190e-02
9.00000e+01	6.30000e+01	4.62073e-01
9.00000e+01	6.60000e+01	1.04838e+00
9.00000e+01	6.90000e+01	2.34455e+00
9.00000e+01	7.20000e+01	2.55448e+00
9.00000e+01	7.50000e+01	2.74071e-01
9.00000e+01	7.80000e+01	-3.21660e+00
9.00000e+01	8.10000e+01	-6.64313e+00
9.00000e+01	8.40000e+01	-8.82368e+00
9.00000e+01	8.70000e+01	-8.49656e+00
9.00000e+01	9.00000e+01	-6.05969e+00
9.00000e+01	9.30000e+01	-4.38339e+00
9.00000e+01	9.60000e+01	-2.58491e+00
9.00000e+01	9.90000e+01	-1.39925e-02
9.00000e+01	1.02000e+02	4.31589e+00
9.00000e+01	1.05000e+02	1.26335e+01
9.00000e+01	1.08000e+02	1.81142e+01
9.00000e+01	1.11000e+02	1.87519e+01
9.00000e+01	1.14000e+02	1.61829e+01
9.00000e+01	1.17000e+02	1.09308e+01
9.00000e+01	1.20000e+02	0.00000e+00

9.40000e+01	0.00000e+00	0.00000e+00
9.40000e+01	3.00000e+00	-7.26021e+00
9.40000e+01	6.00000e+00	-1.07808e+01
9.40000e+01	9.00000e+00	-1.24722e+01
9.40000e+01	1.20000e+01	-1.11539e+01
9.40000e+01	1.50000e+01	-8.66243e-23
9.40000e+01	1.80000e+01	7.11488e-23
9.40000e+01	2.10000e+01	4.31050e-23
9.40000e+01	2.40000e+01	3.11014e-23
9.40000e+01	2.70000e+01	3.47192e-23
9.40000e+01	3.00000e+01	6.39157e-23
9.40000e+01	3.30000e+01	0.00000e+00
9.40000e+01	3.60000e+01	4.63535e+00
9.40000e+01	3.90000e+01	3.77047e+00
9.40000e+01	4.20000e+01	1.21187e+00
9.40000e+01	4.50000e+01	-1.61876e+00
9.40000e+01	4.80000e+01	-3.31272e+00
9.40000e+01	5.10000e+01	5.15111e-23
9.40000e+01	5.40000e+01	4.51628e-23
9.40000e+01	5.70000e+01	1.27911e-23
9.40000e+01	6.00000e+01	-5.91022e-24
9.40000e+01	6.30000e+01	-2.40290e-23
9.40000e+01	6.60000e+01	-5.65462e-23
9.40000e+01	6.90000e+01	-8.13152e-20
9.40000e+01	7.20000e+01	3.37062e+00
9.40000e+01	7.50000e+01	1.55515e+00
9.40000e+01	7.80000e+01	-1.40098e+00
9.40000e+01	8.10000e+01	-4.02279e+00
9.40000e+01	8.40000e+01	-4.88142e+00
9.40000e+01	8.70000e+01	-5.17427e-23
9.40000e+01	9.00000e+01	1.60051e-23
9.40000e+01	9.30000e+01	6.31631e-24
9.40000e+01	9.60000e+01	7.34682e-24
9.40000e+01	9.90000e+01	2.82910e-23
9.40000e+01	1.02000e+02	1.00854e-22
9.40000e+01	1.05000e+02	0.00000e+00
9.40000e+01	1.08000e+02	1.26356e+01
9.40000e+01	1.11000e+02	1.42945e+01
9.40000e+01	1.14000e+02	1.25394e+01
9.40000e+01	1.17000e+02	8.62977e+00
9.40000e+01	1.20000e+02	0.00000e+00

9.80000e+01	0.00000e+00	0.00000e+00
9.80000e+01	3.00000e+00	-2.17409e+00
9.80000e+01	6.00000e+00	-3.36326e+00
9.80000e+01	9.00000e+00	-2.72165e+00
9.80000e+01	1.20000e+01	-8.95462e-23
9.80000e+01	1.50000e+01	4.64329e-23
9.80000e+01	1.80000e+01	8.08535e-24
9.80000e+01	2.10000e+01	-9.55702e-24
9.80000e+01	2.40000e+01	-1.30045e-23
9.80000e+01	2.70000e+01	-8.88849e-24
9.80000e+01	3.00000e+01	-7.23696e-26
9.80000e+01	3.30000e+01	9.85836e-24
9.80000e+01	3.60000e+01	-1.35525e-20
9.80000e+01	3.90000e+01	5.37051e-01
9.80000e+01	4.20000e+01	2.68349e-01
9.80000e+01	4.50000e+01	-1.65539e-01
9.80000e+01	4.80000e+01	7.24582e-24
9.80000e+01	5.10000e+01	3.69615e-23
9.80000e+01	5.40000e+01	1.09916e-23
9.80000e+01	5.70000e+01	-5.73061e-24
9.80000e+01	6.00000e+01	-1.41319e-23
9.80000e+01	6.30000e+01	-1.74917e-23
9.80000e+01	6.60000e+01	-1.14906e-23
9.80000e+01	6.90000e+01	3.46544e-23
9.80000e+01	7.20000e+01	1.35525e-20
9.80000e+01	7.50000e+01	-1.50042e-02
9.80000e+01	7.80000e+01	-5.34564e-01
9.80000e+01	8.10000e+01	-6.99831e-01
9.80000e+01	8.40000e+01	-6.10747e-23
9.80000e+01	8.70000e+01	2.06981e-23
9.80000e+01	9.00000e+01	2.44609e-23
9.80000e+01	9.30000e+01	2.52025e-23
9.80000e+01	9.60000e+01	2.76215e-23
9.80000e+01	9.90000e+01	3.62485e-23
9.80000e+01	1.02000e+02	6.43894e-23
9.80000e+01	1.05000e+02	1.51801e-22
9.80000e+01	1.08000e+02	0.00000e+00
9.80000e+01	1.11000e+02	2.69274e+00
9.80000e+01	1.14000e+02	3.35827e+00
9.80000e+01	1.17000e+02	2.37096e+00
9.80000e+01	1.20000e+02	0.00000e+00

1.02000e+02	0.00000e+00	0.00000e+00
1.02000e+02	3.00000e+00	-8.48855e-02
1.02000e+02	6.00000e+00	-6.37993e-02
1.02000e+02	9.00000e+00	-2.67318e-02
1.02000e+02	1.20000e+01	4.42462e-22
1.02000e+02	1.50000e+01	5.75405e-24
1.02000e+02	1.80000e+01	-9.17872e-23
1.02000e+02	2.10000e+01	-8.74543e-23
1.02000e+02	2.40000e+01	-7.05568e-23
1.02000e+02	2.70000e+01	-6.08519e-23
1.02000e+02	3.00000e+01	-6.60483e-23
1.02000e+02	3.30000e+01	-9.41464e-23
1.02000e+02	3.60000e+01	-8.47033e-22
1.02000e+02	3.90000e+01	-1.00279e-03
1.02000e+02	4.20000e+01	2.96042e-03
1.02000e+02	4.50000e+01	3.67492e-03
1.02000e+02	4.80000e+01	2.18743e-22
1.02000e+02	5.10000e+01	1.16580e-24
1.02000e+02	5.40000e+01	-3.96198e-23
1.02000e+02	5.70000e+01	-3.90452e-23
1.02000e+02	6.00000e+01	-3.13161e-23
1.02000e+02	6.30000e+01	-2.75963e-23
1.02000e+02	6.60000e+01	-3.78050e-23
1.02000e+02	6.90000e+01	-1.01235e-22
1.02000e+02	7.20000e+01	0.00000e+00
1.02000e+02	7.50000e+01	-8.94900e-01
1.02000e+02	7.80000e+01	-9.80477e-01
1.02000e+02	8.10000e+01	-5.20922e-01
1.02000e+02	8.40000e+01	4.92609e-23
1.02000e+02	8.70000e+01	3.72541e-23
1.02000e+02	9.00000e+01	3.82876e-23
1.02000e+02	9.30000e+01	4.11069e-23
1.02000e+02	9.60000e+01	3.68595e-23
1.02000e+02	9.90000e+01	9.51462e-24
1.02000e+02	1.02000e+02	-7.74580e-23
1.02000e+02	1.05000e+02	-2.68053e-22
1.02000e+02	1.08000e+02	-5.42101e-20
1.02000e+02	1.11000e+02	-2.55896e+00
1.02000e+02	1.14000e+02	-3.13838e+00
1.02000e+02	1.17000e+02	-2.16701e+00
1.02000e+02	1.20000e+02	0.00000e+00

1.06000e+02	0.00000e+00	0.00000e+00
1.06000e+02	3.00000e+00	2.00939e+00
1.06000e+02	6.00000e+00	3.25641e+00
1.06000e+02	9.00000e+00	2.69026e+00
1.06000e+02	1.20000e+01	1.74149e-21
1.06000e+02	1.50000e+01	-6.26899e-22
1.06000e+02	1.80000e+01	-3.72770e-22
1.06000e+02	2.10000e+01	-1.87688e-22
1.06000e+02	2.40000e+01	-1.15323e-22
1.06000e+02	2.70000e+01	-8.63238e-23
1.06000e+02	3.00000e+01	-9.13099e-23
1.06000e+02	3.30000e+01	-2.45123e-22
1.06000e+02	3.60000e+01	-1.35525e-20
1.06000e+02	3.90000e+01	-5.12194e-01
1.06000e+02	4.20000e+01	-2.26416e-01
1.06000e+02	4.50000e+01	1.98260e-01
1.06000e+02	4.80000e+01	8.09359e-22
1.06000e+02	5.10000e+01	-3.43223e-22
1.06000e+02	5.40000e+01	-1.63761e-22
1.06000e+02	5.70000e+01	-8.50787e-23
1.06000e+02	6.00000e+01	-4.13726e-23
1.06000e+02	6.30000e+01	-1.29392e-23
1.06000e+02	6.60000e+01	3.04965e-23
1.06000e+02	6.90000e+01	-6.12224e-24
1.06000e+02	7.20000e+01	-4.85734e+00
1.06000e+02	7.50000e+01	-4.28601e+00
1.06000e+02	7.80000e+01	-2.61443e+00
1.06000e+02	8.10000e+01	-1.03428e+00
1.06000e+02	8.40000e+01	1.83376e-22
1.06000e+02	8.70000e+01	1.87308e-23
1.06000e+02	9.00000e+01	4.89394e-23
1.06000e+02	9.30000e+01	6.95742e-23
1.06000e+02	9.60000e+01	8.71600e-23
1.06000e+02	9.90000e+01	8.87855e-23
1.06000e+02	1.02000e+02	-3.50881e-23
1.06000e+02	1.05000e+02	-1.49412e-22
1.06000e+02	1.08000e+02	-1.21195e+01
1.06000e+02	1.11000e+02	-1.35761e+01
1.06000e+02	1.14000e+02	-1.18129e+01
1.06000e+02	1.17000e+02	-8.05829e+00
1.06000e+02	1.20000e+02	0.00000e+00

1.10000e+02	0.00000e+00	0.00000e+00
1.10000e+02	3.00000e+00	7.15064e+00
1.10000e+02	6.00000e+00	1.07350e+01
1.10000e+02	9.00000e+00	1.24966e+01
1.10000e+02	1.20000e+01	1.12044e+01
1.10000e+02	1.50000e+01	9.30751e-22
1.10000e+02	1.80000e+01	-5.31048e-22
1.10000e+02	2.10000e+01	-8.75404e-23
1.10000e+02	2.40000e+01	-8.29916e-23
1.10000e+02	2.70000e+01	-5.13783e-23
1.10000e+02	3.00000e+01	1.48014e-22
1.10000e+02	3.30000e+01	-4.30216e-22
1.10000e+02	3.60000e+01	-4.45440e+00
1.10000e+02	3.90000e+01	-3.52440e+00
1.10000e+02	4.20000e+01	-1.00474e+00
1.10000e+02	4.50000e+01	1.74426e+00
1.10000e+02	4.80000e+01	3.36787e+00
1.10000e+02	5.10000e+01	2.36978e-22
1.10000e+02	5.40000e+01	-1.08753e-22
1.10000e+02	5.70000e+01	-6.89332e-23
1.10000e+02	6.00000e+01	-2.42776e-23
1.10000e+02	6.30000e+01	-2.49526e-23
1.10000e+02	6.60000e+01	-3.83964e-23
1.10000e+02	6.90000e+01	-2.89619e+00
1.10000e+02	7.20000e+01	-4.52115e+00
1.10000e+02	7.50000e+01	-3.62219e+00
1.10000e+02	7.80000e+01	-1.72310e+00
1.10000e+02	8.10000e+01	-2.07069e-01
1.10000e+02	8.40000e+01	7.06475e-22
1.10000e+02	8.70000e+01	-3.76551e-22
1.10000e+02	9.00000e+01	7.66103e-23
1.10000e+02	9.30000e+01	1.03462e-22
1.10000e+02	9.60000e+01	1.65834e-22
1.10000e+02	9.90000e+01	3.91174e-22
1.10000e+02	1.02000e+02	-7.69113e-22
1.10000e+02	1.05000e+02	-8.79972e+00
1.10000e+02	1.08000e+02	-1.55664e+01
1.10000e+02	1.11000e+02	-1.70266e+01
1.10000e+02	1.14000e+02	-1.49020e+01
1.10000e+02	1.17000e+02	-1.00125e+01
1.10000e+02	1.20000e+02	0.00000e+00

1.14000e+02	0.00000e+00	0.00000e+00
1.14000e+02	3.00000e+00	9.27104e+00
1.14000e+02	6.00000e+00	1.38479e+01
1.14000e+02	9.00000e+00	1.61538e+01
1.14000e+02	1.20000e+01	1.56328e+01
1.14000e+02	1.50000e+01	1.07587e+01
1.14000e+02	1.80000e+01	3.38322e+00
1.14000e+02	2.10000e+01	2.56615e-22
1.14000e+02	2.40000e+01	-9.87789e-23
1.14000e+02	2.70000e+01	-4.19691e-22
1.14000e+02	3.00000e+01	-2.65851e+00
1.14000e+02	3.30000e+01	-6.02174e+00
1.14000e+02	3.60000e+01	-7.06938e+00
1.14000e+02	3.90000e+01	-5.39512e+00
1.14000e+02	4.20000e+01	-2.40785e+00
1.14000e+02	4.50000e+01	6.14588e-01
1.14000e+02	4.80000e+01	2.40596e+00
1.14000e+02	5.10000e+01	1.71134e+00
1.14000e+02	5.40000e+01	1.56107e-22
1.14000e+02	5.70000e+01	-6.13916e-23
1.14000e+02	6.00000e+01	7.34068e-23
1.14000e+02	6.30000e+01	-1.89561e-22
1.14000e+02	6.60000e+01	-1.88421e+00
1.14000e+02	6.90000e+01	-2.94969e+00
1.14000e+02	7.20000e+01	-2.71501e+00
1.14000e+02	7.50000e+01	-9.21914e-01
1.14000e+02	7.80000e+01	1.82631e+00
1.14000e+02	8.10000e+01	4.62904e+00
1.14000e+02	8.40000e+01	6.13628e+00
1.14000e+02	8.70000e+01	2.55448e+00
1.14000e+02	9.00000e+01	3.92059e-22
1.14000e+02	9.30000e+01	7.41993e-23
1.14000e+02	9.60000e+01	-1.44276e-22
1.14000e+02	9.90000e+01	-2.51022e+00
1.14000e+02	1.02000e+02	-8.50691e+00
1.14000e+02	1.05000e+02	-1.30178e+01
1.14000e+02	1.08000e+02	-1.59853e+01
1.14000e+02	1.11000e+02	-1.62132e+01
1.14000e+02	1.14000e+02	-1.37679e+01
1.14000e+02	1.17000e+02	-8.91114e+00
1.14000e+02	1.20000e+02	0.00000e+00

1.18000e+02	0.00000e+00	0.00000e+00
1.18000e+02	3.00000e+00	7.90591e+00
1.18000e+02	6.00000e+00	1.21479e+01
1.18000e+02	9.00000e+00	1.42135e+01
1.18000e+02	1.20000e+01	1.37499e+01
1.18000e+02	1.50000e+01	1.04088e+01
1.18000e+02	1.80000e+01	5.11446e+00
1.18000e+02	2.10000e+01	6.57292e-01
1.18000e+02	2.40000e+01	-3.80343e+00
1.18000e+02	2.70000e+01	-7.11874e+00
1.18000e+02	3.00000e+01	-8.27546e+00
1.18000e+02	3.30000e+01	-9.09816e+00
1.18000e+02	3.60000e+01	-8.51641e+00
1.18000e+02	3.90000e+01	-6.43257e+00
1.18000e+02	4.20000e+01	-3.52723e+00
1.18000e+02	4.50000e+01	-6.61270e-01
1.18000e+02	4.80000e+01	1.35457e+00
1.18000e+02	5.10000e+01	2.01074e+00
1.18000e+02	5.40000e+01	1.62869e+00
1.18000e+02	5.70000e+01	4.48808e-01
1.18000e+02	6.00000e+01	-6.26813e-01
1.18000e+02	6.30000e+01	-2.02881e+00
1.18000e+02	6.60000e+01	-2.63832e+00
1.18000e+02	6.90000e+01	-2.40236e+00
1.18000e+02	7.20000e+01	-1.10685e+00
1.18000e+02	7.50000e+01	1.22534e+00
1.18000e+02	7.80000e+01	4.18062e+00
1.18000e+02	8.10000e+01	7.04713e+00
1.18000e+02	8.40000e+01	8.83837e+00
1.18000e+02	8.70000e+01	8.52766e+00
1.18000e+02	9.00000e+01	7.87064e+00
1.18000e+02	9.30000e+01	5.21570e+00
1.18000e+02	9.60000e+01	1.54490e+00
1.18000e+02	9.90000e+01	-2.50903e+00
1.18000e+02	1.02000e+02	-7.39729e+00
1.18000e+02	1.05000e+02	-1.10243e+01
1.18000e+02	1.08000e+02	-1.29060e+01
1.18000e+02	1.11000e+02	-1.26945e+01
1.18000e+02	1.14000e+02	-1.04320e+01
1.18000e+02	1.17000e+02	-6.41938e+00
1.18000e+02	1.20000e+02	0.00000e+00

1.22000e+02	0.00000e+00	0.00000e+00
1.22000e+02	3.00000e+00	5.13893e+00
1.22000e+02	6.00000e+00	8.35667e+00
1.22000e+02	9.00000e+00	9.99138e+00
1.22000e+02	1.20000e+01	9.65333e+00
1.22000e+02	1.50000e+01	7.27107e+00
1.22000e+02	1.80000e+01	3.39152e+00
1.22000e+02	2.10000e+01	-8.84419e-01
1.22000e+02	2.40000e+01	-5.14280e+00
1.22000e+02	2.70000e+01	-8.37601e+00
1.22000e+02	3.00000e+01	-9.84277e+00
1.22000e+02	3.30000e+01	-9.97311e+00
1.22000e+02	3.60000e+01	-8.75729e+00
1.22000e+02	3.90000e+01	-6.57189e+00
1.22000e+02	4.20000e+01	-3.92563e+00
1.22000e+02	4.50000e+01	-1.36748e+00
1.22000e+02	4.80000e+01	6.00640e-01
1.22000e+02	5.10000e+01	1.62392e+00
1.22000e+02	5.40000e+01	1.57845e+00
1.22000e+02	5.70000e+01	6.04095e-01
1.22000e+02	6.00000e+01	-6.95700e-01
1.22000e+02	6.30000e+01	-1.93324e+00
1.22000e+02	6.60000e+01	-2.37425e+00
1.22000e+02	6.90000e+01	-1.78470e+00
1.22000e+02	7.20000e+01	-1.56185e-01
1.22000e+02	7.50000e+01	2.23942e+00
1.22000e+02	7.80000e+01	5.01690e+00
1.22000e+02	8.10000e+01	7.67259e+00
1.22000e+02	8.40000e+01	9.61631e+00
1.22000e+02	8.70000e+01	1.03250e+01
1.22000e+02	9.00000e+01	9.69889e+00
1.22000e+02	9.30000e+01	7.25325e+00
1.22000e+02	9.60000e+01	3.63278e+00
1.22000e+02	9.90000e+01	-3.66197e-01
1.22000e+02	1.02000e+02	-4.27687e+00
1.22000e+02	1.05000e+02	-7.17862e+00
1.22000e+02	1.08000e+02	-8.60475e+00
1.22000e+02	1.11000e+02	-8.38676e+00
1.22000e+02	1.14000e+02	-6.65002e+00
1.22000e+02	1.17000e+02	-3.81163e+00
1.22000e+02	1.20000e+02	0.00000e+00

1.26000e+02	0.00000e+00	0.00000e+00
1.26000e+02	3.00000e+00	2.59792e+00
1.26000e+02	6.00000e+00	4.66373e+00
1.26000e+02	9.00000e+00	5.80841e+00
1.26000e+02	1.20000e+01	5.59076e+00
1.26000e+02	1.50000e+01	3.93672e+00
1.26000e+02	1.80000e+01	1.14832e+00
1.26000e+02	2.10000e+01	-2.19758e+00
1.26000e+02	2.40000e+01	-5.53717e+00
1.26000e+02	2.70000e+01	-8.15748e+00
1.26000e+02	3.00000e+01	-9.47532e+00
1.26000e+02	3.30000e+01	-9.30102e+00
1.26000e+02	3.60000e+01	-7.69662e+00
1.26000e+02	3.90000e+01	-5.62503e+00
1.26000e+02	4.20000e+01	-3.41857e+00
1.26000e+02	4.50000e+01	-1.33359e+00
1.26000e+02	4.80000e+01	3.92468e-01
1.26000e+02	5.10000e+01	1.54125e+00
1.26000e+02	5.40000e+01	1.66726e+00
1.26000e+02	5.70000e+01	8.05007e-01
1.26000e+02	6.00000e+01	-5.34457e-01
1.26000e+02	6.30000e+01	-1.76492e+00
1.26000e+02	6.60000e+01	-2.26140e+00
1.26000e+02	6.90000e+01	-1.63962e+00
1.26000e+02	7.20000e+01	3.93144e-02
1.26000e+02	7.50000e+01	2.17665e+00
1.26000e+02	7.80000e+01	4.49014e+00
1.26000e+02	8.10000e+01	6.72102e+00
1.26000e+02	8.40000e+01	8.61304e+00
1.26000e+02	8.70000e+01	9.87219e+00
1.26000e+02	9.00000e+01	9.60547e+00
1.26000e+02	9.30000e+01	7.74432e+00
1.26000e+02	9.60000e+01	4.84348e+00
1.26000e+02	9.90000e+01	1.59351e+00
1.26000e+02	1.02000e+02	-1.42431e+00
1.26000e+02	1.05000e+02	-3.65419e+00
1.26000e+02	1.08000e+02	-4.76315e+00
1.26000e+02	1.11000e+02	-4.66342e+00
1.26000e+02	1.14000e+02	-3.52215e+00
1.26000e+02	1.17000e+02	-1.78648e+00
1.26000e+02	1.20000e+02	0.00000e+00

1.30000e+02	0.00000e+00	0.00000e+00
1.30000e+02	3.00000e+00	9.21000e-01
1.30000e+02	6.00000e+00	2.04674e+00
1.30000e+02	9.00000e+00	2.74278e+00
1.30000e+02	1.20000e+01	2.60228e+00
1.30000e+02	1.50000e+01	1.52173e+00
1.30000e+02	1.80000e+01	-3.43104e-01
1.30000e+02	2.10000e+01	-2.64984e+00
1.30000e+02	2.40000e+01	-4.97018e+00
1.30000e+02	2.70000e+01	-6.80718e+00
1.30000e+02	3.00000e+01	-7.65256e+00
1.30000e+02	3.30000e+01	-7.00841e+00
1.30000e+02	3.60000e+01	-4.90838e+00
1.30000e+02	3.90000e+01	-3.38704e+00
1.30000e+02	4.20000e+01	-2.02271e+00
1.30000e+02	4.50000e+01	-7.59629e-01
1.30000e+02	4.80000e+01	4.01301e-01
1.30000e+02	5.10000e+01	1.63552e+00
1.30000e+02	5.40000e+01	1.97194e+00
1.30000e+02	5.70000e+01	1.09183e+00
1.30000e+02	6.00000e+01	-3.53007e-01
1.30000e+02	6.30000e+01	-1.72646e+00
1.30000e+02	6.60000e+01	-2.39882e+00
1.30000e+02	6.90000e+01	-1.75769e+00
1.30000e+02	7.20000e+01	-1.13061e-01
1.30000e+02	7.50000e+01	1.34410e+00
1.30000e+02	7.80000e+01	2.76478e+00
1.30000e+02	8.10000e+01	4.13909e+00
1.30000e+02	8.40000e+01	5.54042e+00
1.30000e+02	8.70000e+01	7.46503e+00
1.30000e+02	9.00000e+01	7.90395e+00
1.30000e+02	9.30000e+01	6.76799e+00
1.30000e+02	9.60000e+01	4.72740e+00
1.30000e+02	9.90000e+01	2.39359e+00
1.30000e+02	1.02000e+02	2.47977e-01
1.30000e+02	1.05000e+02	-1.33797e+00
1.30000e+02	1.08000e+02	-2.14703e+00
1.30000e+02	1.11000e+02	-2.14222e+00
1.30000e+02	1.14000e+02	-1.48544e+00
1.30000e+02	1.17000e+02	-5.62438e-01
1.30000e+02	1.20000e+02	0.00000e+00

1.34000e+02	0.00000e+00	0.00000e+00
1.34000e+02	3.00000e+00	1.11871e-01
1.34000e+02	6.00000e+00	6.25239e-01
1.34000e+02	9.00000e+00	9.89515e-01
1.34000e+02	1.20000e+01	9.09174e-01
1.34000e+02	1.50000e+01	2.94291e-01
1.34000e+02	1.80000e+01	-7.68566e-01
1.34000e+02	2.10000e+01	-2.05656e+00
1.34000e+02	2.40000e+01	-3.25332e+00
1.34000e+02	2.70000e+01	-3.95139e+00
1.34000e+02	3.00000e+01	-3.49780e+00
1.34000e+02	3.30000e+01	-8.98388e-23
1.34000e+02	3.60000e+01	-1.05744e-23
1.34000e+02	3.90000e+01	-9.24362e-24
1.34000e+02	4.20000e+01	-7.18307e-24
1.34000e+02	4.50000e+01	-5.17415e-24
1.34000e+02	4.80000e+01	-5.31998e-24
1.34000e+02	5.10000e+01	5.42101e-20
1.34000e+02	5.40000e+01	1.67641e+00
1.34000e+02	5.70000e+01	1.04680e+00
1.34000e+02	6.00000e+01	-1.80949e-01
1.34000e+02	6.30000e+01	-1.36470e+00
1.34000e+02	6.60000e+01	-1.87322e+00
1.34000e+02	6.90000e+01	-4.02267e-24
1.34000e+02	7.20000e+01	2.28572e-23
1.34000e+02	7.50000e+01	2.30936e-23
1.34000e+02	7.80000e+01	3.33023e-23
1.34000e+02	8.10000e+01	5.88610e-23
1.34000e+02	8.40000e+01	1.22918e-22
1.34000e+02	8.70000e+01	0.00000e+00
1.34000e+02	9.00000e+01	3.66542e+00
1.34000e+02	9.30000e+01	3.96804e+00
1.34000e+02	9.60000e+01	3.08862e+00
1.34000e+02	9.90000e+01	1.81539e+00
1.34000e+02	1.02000e+02	5.74985e-01
1.34000e+02	1.05000e+02	-3.60500e-01
1.34000e+02	1.08000e+02	-8.43443e-01
1.34000e+02	1.11000e+02	-8.53099e-01
1.34000e+02	1.14000e+02	-5.04268e-01
1.34000e+02	1.17000e+02	-5.99162e-02
1.34000e+02	1.20000e+02	0.00000e+00

1.38000e+02	0.00000e+00	0.00000e+00
1.38000e+02	3.00000e+00	-8.97339e-02
1.38000e+02	6.00000e+00	9.66931e-02
1.38000e+02	9.00000e+00	2.51967e-01
1.38000e+02	1.20000e+01	2.25061e-01
1.38000e+02	1.50000e+01	-2.82033e-02
1.38000e+02	1.80000e+01	-4.50917e-01
1.38000e+02	2.10000e+01	-8.92722e-01
1.38000e+02	2.40000e+01	-1.11832e+00
1.38000e+02	2.70000e+01	-8.46072e-01
1.38000e+02	3.00000e+01	-3.92254e-23
1.38000e+02	3.30000e+01	-5.17376e-25
1.38000e+02	3.60000e+01	-1.10016e-23
1.38000e+02	3.90000e+01	-1.25184e-23
1.38000e+02	4.20000e+01	-1.09353e-23
1.38000e+02	4.50000e+01	-8.50229e-24
1.38000e+02	4.80000e+01	-3.68783e-24
1.38000e+02	5.10000e+01	1.25857e-23
1.38000e+02	5.40000e+01	-6.77626e-20
1.38000e+02	5.70000e+01	1.20622e-01
1.38000e+02	6.00000e+01	-6.19591e-02
1.38000e+02	6.30000e+01	-2.03628e-01
1.38000e+02	6.60000e+01	-2.46441e-23
1.38000e+02	6.90000e+01	1.64304e-23
1.38000e+02	7.20000e+01	1.89607e-23
1.38000e+02	7.50000e+01	2.08308e-23
1.38000e+02	7.80000e+01	2.49675e-23
1.38000e+02	8.10000e+01	3.17891e-23
1.38000e+02	8.40000e+01	3.91559e-23
1.38000e+02	8.70000e+01	3.53418e-23
1.38000e+02	9.00000e+01	-1.35525e-20
1.38000e+02	9.30000e+01	6.33510e-01
1.38000e+02	9.60000e+01	6.93605e-01
1.38000e+02	9.90000e+01	3.84526e-01
1.38000e+02	1.02000e+02	-2.13000e-02
1.38000e+02	1.05000e+02	-3.45613e-01
1.38000e+02	1.08000e+02	-4.97019e-01
1.38000e+02	1.11000e+02	-4.56060e-01
1.38000e+02	1.14000e+02	-2.68856e-01
1.38000e+02	1.17000e+02	-4.72316e-02
1.38000e+02	1.20000e+02	0.00000e+00

1.42000e+02	0.00000e+00	0.00000e+00
1.42000e+02	3.00000e+00	7.91621e-03
1.42000e+02	6.00000e+00	2.65256e-02
1.42000e+02	9.00000e+00	4.24518e-02
1.42000e+02	1.20000e+01	4.88820e-02
1.42000e+02	1.50000e+01	4.39732e-02
1.42000e+02	1.80000e+01	3.03086e-02
1.42000e+02	2.10000e+01	1.41791e-02
1.42000e+02	2.40000e+01	3.13419e-03
1.42000e+02	2.70000e+01	4.56580e-04
1.42000e+02	3.00000e+01	1.27106e-22
1.42000e+02	3.30000e+01	1.92865e-25
1.42000e+02	3.60000e+01	-2.73711e-23
1.42000e+02	3.90000e+01	-2.13040e-23
1.42000e+02	4.20000e+01	-1.61984e-23
1.42000e+02	4.50000e+01	-1.60641e-23
1.42000e+02	4.80000e+01	-2.24292e-23
1.42000e+02	5.10000e+01	-3.67092e-23
1.42000e+02	5.40000e+01	4.99220e-20
1.42000e+02	5.70000e+01	-5.01463e-02
1.42000e+02	6.00000e+01	-8.96483e-02
1.42000e+02	6.30000e+01	-6.49527e-02
1.42000e+02	6.60000e+01	3.37888e-23
1.42000e+02	6.90000e+01	2.08861e-23
1.42000e+02	7.20000e+01	1.62376e-23
1.42000e+02	7.50000e+01	1.45385e-23
1.42000e+02	7.80000e+01	1.18597e-23
1.42000e+02	8.10000e+01	3.74771e-24
1.42000e+02	8.40000e+01	-2.47342e-23
1.42000e+02	8.70000e+01	-8.60874e-23
1.42000e+02	9.00000e+01	2.71051e-20
1.42000e+02	9.30000e+01	-7.35701e-01
1.42000e+02	9.60000e+01	-1.01149e+00
1.42000e+02	9.90000e+01	-9.83928e-01
1.42000e+02	1.02000e+02	-8.38821e-01
1.42000e+02	1.05000e+02	-6.74635e-01
1.42000e+02	1.08000e+02	-5.35369e-01
1.42000e+02	1.11000e+02	-4.32060e-01
1.42000e+02	1.14000e+02	-3.48043e-01
1.42000e+02	1.17000e+02	-2.39860e-01
1.42000e+02	1.20000e+02	0.00000e+00

1.46000e+02	0.00000e+00	0.00000e+00
1.46000e+02	3.00000e+00	1.21352e-01
1.46000e+02	6.00000e+00	-2.15089e-02
1.46000e+02	9.00000e+00	-1.43692e-01
1.46000e+02	1.20000e+01	-1.08073e-01
1.46000e+02	1.50000e+01	1.25029e-01
1.46000e+02	1.80000e+01	5.03269e-01
1.46000e+02	2.10000e+01	8.91384e-01
1.46000e+02	2.40000e+01	1.07892e+00
1.46000e+02	2.70000e+01	8.08347e-01
1.46000e+02	3.00000e+01	5.15598e-22
1.46000e+02	3.30000e+01	-1.73498e-22
1.46000e+02	3.60000e+01	-1.03529e-22
1.46000e+02	3.90000e+01	-2.83804e-23
1.46000e+02	4.20000e+01	-1.26235e-23
1.46000e+02	4.50000e+01	-1.20715e-23
1.46000e+02	4.80000e+01	-2.70995e-23
1.46000e+02	5.10000e+01	-1.18836e-22
1.46000e+02	5.40000e+01	3.38813e-20
1.46000e+02	5.70000e+01	-3.42019e-01
1.46000e+02	6.00000e+01	-3.24938e-01
1.46000e+02	6.30000e+01	-1.41117e-01
1.46000e+02	6.60000e+01	1.10114e-22
1.46000e+02	6.90000e+01	9.76290e-24
1.46000e+02	7.20000e+01	8.27093e-24
1.46000e+02	7.50000e+01	9.98814e-24
1.46000e+02	7.80000e+01	8.41056e-24
1.46000e+02	8.10000e+01	1.19196e-23
1.46000e+02	8.40000e+01	-3.01865e-23
1.46000e+02	8.70000e+01	-5.12777e-23
1.46000e+02	9.00000e+01	-3.28747e+00
1.46000e+02	9.30000e+01	-3.63116e+00
1.46000e+02	9.60000e+01	-3.11401e+00
1.46000e+02	9.90000e+01	-2.30838e+00
1.46000e+02	1.02000e+02	-1.47768e+00
1.46000e+02	1.05000e+02	-7.94651e-01
1.46000e+02	1.08000e+02	-3.67556e-01
1.46000e+02	1.11000e+02	-2.22873e-01
1.46000e+02	1.14000e+02	-2.82153e-01
1.46000e+02	1.17000e+02	-3.46806e-01
1.46000e+02	1.20000e+02	0.00000e+00

1.50000e+02	0.00000e+00	0.00000e+00
1.50000e+02	3.00000e+00	-2.92508e-02
1.50000e+02	6.00000e+00	-4.79603e-01
1.50000e+02	9.00000e+00	-8.05607e-01
1.50000e+02	1.20000e+01	-7.25183e-01
1.50000e+02	1.50000e+01	-1.56979e-01
1.50000e+02	1.80000e+01	8.09500e-01
1.50000e+02	2.10000e+01	1.96264e+00
1.50000e+02	2.40000e+01	3.02399e+00
1.50000e+02	2.70000e+01	3.65328e+00
1.50000e+02	3.00000e+01	3.26684e+00
1.50000e+02	3.30000e+01	3.25162e-22
1.50000e+02	3.60000e+01	-1.88910e-22
1.50000e+02	3.90000e+01	7.01274e-23
1.50000e+02	4.20000e+01	1.79821e-23
1.50000e+02	4.50000e+01	1.96191e-23
1.50000e+02	4.80000e+01	1.04603e-22
1.50000e+02	5.10000e+01	-2.25707e-22
1.50000e+02	5.40000e+01	-2.05839e+00
1.50000e+02	5.70000e+01	-1.72641e+00
1.50000e+02	6.00000e+01	-8.66602e-01
1.50000e+02	6.30000e+01	-1.61261e-01
1.50000e+02	6.60000e+01	3.74249e-22
1.50000e+02	6.90000e+01	-1.81073e-22
1.50000e+02	7.20000e+01	-5.40129e-24
1.50000e+02	7.50000e+01	1.12951e-23
1.50000e+02	7.80000e+01	-4.08148e-24
1.50000e+02	8.10000e+01	1.01189e-22
1.50000e+02	8.40000e+01	-3.20130e-22
1.50000e+02	8.70000e+01	-2.76596e+00
1.50000e+02	9.00000e+01	-4.78631e+00
1.50000e+02	9.30000e+01	-5.03730e+00
1.50000e+02	9.60000e+01	-4.17638e+00
1.50000e+02	9.90000e+01	-2.79954e+00
1.50000e+02	1.02000e+02	-1.34328e+00
1.50000e+02	1.05000e+02	-1.41173e-01
1.50000e+02	1.08000e+02	5.72577e-01
1.50000e+02	1.11000e+02	7.10916e-01
1.50000e+02	1.14000e+02	3.82846e-01
1.50000e+02	1.17000e+02	-7.36090e-02
1.50000e+02	1.20000e+02	0.00000e+00

1.54000e+02	0.00000e+00	0.00000e+00
1.54000e+02	3.00000e+00	-7.48321e-01
1.54000e+02	6.00000e+00	-1.77907e+00
1.54000e+02	9.00000e+00	-2.42290e+00
1.54000e+02	1.20000e+01	-2.28036e+00
1.54000e+02	1.50000e+01	-1.26393e+00
1.54000e+02	1.80000e+01	4.45923e-01
1.54000e+02	2.10000e+01	2.48756e+00
1.54000e+02	2.40000e+01	4.44974e+00
1.54000e+02	2.70000e+01	5.90167e+00
1.54000e+02	3.00000e+01	6.32254e+00
1.54000e+02	3.30000e+01	5.06039e+00
1.54000e+02	3.60000e+01	2.23682e+00
1.54000e+02	3.90000e+01	3.62434e-22
1.54000e+02	4.20000e+01	-4.70279e-23
1.54000e+02	4.50000e+01	-1.35981e-22
1.54000e+02	4.80000e+01	-8.91037e-01
1.54000e+02	5.10000e+01	-2.22333e+00
1.54000e+02	5.40000e+01	-2.59162e+00
1.54000e+02	5.70000e+01	-1.73149e+00
1.54000e+02	6.00000e+01	-2.60699e-01
1.54000e+02	6.30000e+01	1.27750e+00
1.54000e+02	6.60000e+01	2.23771e+00
1.54000e+02	6.90000e+01	8.55731e-01
1.54000e+02	7.20000e+01	1.41760e-22
1.54000e+02	7.50000e+01	6.96215e-23
1.54000e+02	7.80000e+01	-3.26467e-22
1.54000e+02	8.10000e+01	-2.17359e+00
1.54000e+02	8.40000e+01	-4.98676e+00
1.54000e+02	8.70000e+01	-6.40219e+00
1.54000e+02	9.00000e+01	-6.87102e+00
1.54000e+02	9.30000e+01	-6.20104e+00
1.54000e+02	9.60000e+01	-4.60852e+00
1.54000e+02	9.90000e+01	-2.48174e+00
1.54000e+02	1.02000e+02	-2.60970e-01
1.54000e+02	1.05000e+02	1.59623e+00
1.54000e+02	1.08000e+02	2.68517e+00
1.54000e+02	1.11000e+02	2.80532e+00
1.54000e+02	1.14000e+02	2.05421e+00
1.54000e+02	1.17000e+02	8.73684e-01
1.54000e+02	1.20000e+02	0.00000e+00

1.58000e+02	0.00000e+00	0.00000e+00
1.58000e+02	3.00000e+00	-2.31198e+00
1.58000e+02	6.00000e+00	-4.24510e+00
1.58000e+02	9.00000e+00	-5.30992e+00
1.58000e+02	1.20000e+01	-5.05452e+00
1.58000e+02	1.50000e+01	-3.42222e+00
1.58000e+02	1.80000e+01	-7.65472e-01
1.58000e+02	2.10000e+01	2.26937e+00
1.58000e+02	2.40000e+01	5.11915e+00
1.58000e+02	2.70000e+01	7.35146e+00
1.58000e+02	3.00000e+01	8.59761e+00
1.58000e+02	3.30000e+01	8.56881e+00
1.58000e+02	3.60000e+01	7.37002e+00
1.58000e+02	3.90000e+01	5.88138e+00
1.58000e+02	4.20000e+01	3.00798e+00
1.58000e+02	4.50000e+01	4.54114e-01
1.58000e+02	4.80000e+01	-1.17921e+00
1.58000e+02	5.10000e+01	-2.22411e+00
1.58000e+02	5.40000e+01	-2.24125e+00
1.58000e+02	5.70000e+01	-1.32494e+00
1.58000e+02	6.00000e+01	9.23280e-02
1.58000e+02	6.30000e+01	1.49187e+00
1.58000e+02	6.60000e+01	2.26708e+00
1.58000e+02	6.90000e+01	1.77805e+00
1.58000e+02	7.20000e+01	7.02462e-01
1.58000e+02	7.50000e+01	-1.48284e+00
1.58000e+02	7.80000e+01	-4.37269e+00
1.58000e+02	8.10000e+01	-6.31832e+00
1.58000e+02	8.40000e+01	-8.14438e+00
1.58000e+02	8.70000e+01	-8.90927e+00
1.58000e+02	9.00000e+01	-8.49895e+00
1.58000e+02	9.30000e+01	-6.98911e+00
1.58000e+02	9.60000e+01	-4.57921e+00
1.58000e+02	9.90000e+01	-1.56244e+00
1.58000e+02	1.02000e+02	1.64171e+00
1.58000e+02	1.05000e+02	4.43454e+00
1.58000e+02	1.08000e+02	6.11104e+00
1.58000e+02	1.11000e+02	6.28222e+00
1.58000e+02	1.14000e+02	5.00006e+00
1.58000e+02	1.17000e+02	2.74355e+00
1.58000e+02	1.20000e+02	0.00000e+00

1.62000e+02	0.00000e+00	0.00000e+00
1.62000e+02	3.00000e+00	-4.77385e+00
1.62000e+02	6.00000e+00	-7.83030e+00
1.62000e+02	9.00000e+00	-9.34983e+00
1.62000e+02	1.20000e+01	-8.90391e+00
1.62000e+02	1.50000e+01	-6.41845e+00
1.62000e+02	1.80000e+01	-2.49660e+00
1.62000e+02	2.10000e+01	1.59263e+00
1.62000e+02	2.40000e+01	5.18476e+00
1.62000e+02	2.70000e+01	7.99946e+00
1.62000e+02	3.00000e+01	9.86679e+00
1.62000e+02	3.30000e+01	1.05592e+01
1.62000e+02	3.60000e+01	9.76040e+00
1.62000e+02	3.90000e+01	7.65938e+00
1.62000e+02	4.20000e+01	4.40026e+00
1.62000e+02	4.50000e+01	1.19350e+00
1.62000e+02	4.80000e+01	-1.04890e+00
1.62000e+02	5.10000e+01	-2.06952e+00
1.62000e+02	5.40000e+01	-1.91031e+00
1.62000e+02	5.70000e+01	-1.01287e+00
1.62000e+02	6.00000e+01	2.14979e-01
1.62000e+02	6.30000e+01	1.39243e+00
1.62000e+02	6.60000e+01	2.11926e+00
1.62000e+02	6.90000e+01	1.98143e+00
1.62000e+02	7.20000e+01	7.02845e-01
1.62000e+02	7.50000e+01	-1.89753e+00
1.62000e+02	7.80000e+01	-5.18127e+00
1.62000e+02	8.10000e+01	-7.97796e+00
1.62000e+02	8.40000e+01	-9.91646e+00
1.62000e+02	8.70000e+01	-1.04366e+01
1.62000e+02	9.00000e+01	-9.43750e+00
1.62000e+02	9.30000e+01	-7.31552e+00
1.62000e+02	9.60000e+01	-4.28373e+00
1.62000e+02	9.90000e+01	-4.71892e-01
1.62000e+02	1.02000e+02	3.85547e+00
1.62000e+02	1.05000e+02	7.99452e+00
1.62000e+02	1.08000e+02	1.05662e+01
1.62000e+02	1.11000e+02	1.09140e+01
1.62000e+02	1.14000e+02	9.09853e+00
1.62000e+02	1.17000e+02	5.55559e+00
1.62000e+02	1.20000e+02	0.00000e+00

1.66000e+02	0.00000e+00	0.00000e+00
1.66000e+02	3.00000e+00	-7.57162e+00
1.66000e+02	6.00000e+00	-1.16514e+01
1.66000e+02	9.00000e+00	-1.35867e+01
1.66000e+02	1.20000e+01	-1.29725e+01
1.66000e+02	1.50000e+01	-9.40927e+00
1.66000e+02	1.80000e+01	-3.77311e+00
1.66000e+02	2.10000e+01	1.06106e+00
1.66000e+02	2.40000e+01	4.78478e+00
1.66000e+02	2.70000e+01	7.60933e+00
1.66000e+02	3.00000e+01	9.75056e+00
1.66000e+02	3.30000e+01	1.11428e+01
1.66000e+02	3.60000e+01	1.05483e+01
1.66000e+02	3.90000e+01	8.03351e+00
1.66000e+02	4.20000e+01	4.37489e+00
1.66000e+02	4.50000e+01	7.55859e-01
1.66000e+02	4.80000e+01	-1.72437e+00
1.66000e+02	5.10000e+01	-2.43521e+00
1.66000e+02	5.40000e+01	-1.77293e+00
1.66000e+02	5.70000e+01	-8.05299e-01
1.66000e+02	6.00000e+01	2.21372e-01
1.66000e+02	6.30000e+01	1.20196e+00
1.66000e+02	6.60000e+01	2.03702e+00
1.66000e+02	6.90000e+01	2.50833e+00
1.66000e+02	7.20000e+01	1.59671e+00
1.66000e+02	7.50000e+01	-1.08191e+00
1.66000e+02	7.80000e+01	-4.75054e+00
1.66000e+02	8.10000e+01	-8.24749e+00
1.66000e+02	8.40000e+01	-1.05887e+01
1.66000e+02	8.70000e+01	-1.09469e+01
1.66000e+02	9.00000e+01	-9.28667e+00
1.66000e+02	9.30000e+01	-6.91297e+00
1.66000e+02	9.60000e+01	-3.87442e+00
1.66000e+02	9.90000e+01	9.38325e-02
1.66000e+02	1.02000e+02	5.25048e+00
1.66000e+02	1.05000e+02	1.12770e+01
1.66000e+02	1.08000e+02	1.50347e+01
1.66000e+02	1.11000e+02	1.55939e+01
1.66000e+02	1.14000e+02	1.33498e+01
1.66000e+02	1.17000e+02	8.68623e+00
1.66000e+02	1.20000e+02	0.00000e+00

1.70000e+02	0.00000e+00	0.00000e+00
1.70000e+02	3.00000e+00	-9.09526e+00
1.70000e+02	6.00000e+00	-1.35386e+01
1.70000e+02	9.00000e+00	-1.57451e+01
1.70000e+02	1.20000e+01	-1.51646e+01
1.70000e+02	1.50000e+01	-1.02679e+01
1.70000e+02	1.80000e+01	-2.83544e+00
1.70000e+02	2.10000e+01	1.13817e+00
1.70000e+02	2.40000e+01	3.57380e+00
1.70000e+02	2.70000e+01	5.32578e+00
1.70000e+02	3.00000e+01	6.99089e+00
1.70000e+02	3.30000e+01	9.46400e+00
1.70000e+02	3.60000e+01	9.61989e+00
1.70000e+02	3.90000e+01	7.06274e+00
1.70000e+02	4.20000e+01	3.16964e+00
1.70000e+02	4.50000e+01	-7.08263e-01
1.70000e+02	4.80000e+01	-3.18276e+00
1.70000e+02	5.10000e+01	-2.88186e+00
1.70000e+02	5.40000e+01	-1.25959e+00
1.70000e+02	5.70000e+01	-4.35475e-01
1.70000e+02	6.00000e+01	1.54475e-01
1.70000e+02	6.30000e+01	7.13587e-01
1.70000e+02	6.60000e+01	1.45729e+00
1.70000e+02	6.90000e+01	2.99474e+00
1.70000e+02	7.20000e+01	3.21428e+00
1.70000e+02	7.50000e+01	6.13190e-01
1.70000e+02	7.80000e+01	-3.35484e+00
1.70000e+02	8.10000e+01	-7.25134e+00
1.70000e+02	8.40000e+01	-9.74000e+00
1.70000e+02	8.70000e+01	-9.39634e+00
1.70000e+02	9.00000e+01	-6.68938e+00
1.70000e+02	9.30000e+01	-4.87310e+00
1.70000e+02	9.60000e+01	-2.99623e+00
1.70000e+02	9.90000e+01	-4.00806e-01
1.70000e+02	1.02000e+02	3.86337e+00
1.70000e+02	1.05000e+02	1.19133e+01
1.70000e+02	1.08000e+02	1.71692e+01
1.70000e+02	1.11000e+02	1.77974e+01
1.70000e+02	1.14000e+02	1.53701e+01
1.70000e+02	1.17000e+02	1.03881e+01
1.70000e+02	1.20000e+02	0.00000e+00

1.74000e+02	0.00000e+00	0.00000e+00
1.74000e+02	3.00000e+00	-7.15843e+00
1.74000e+02	6.00000e+00	-1.06413e+01
1.74000e+02	9.00000e+00	-1.23150e+01
1.74000e+02	1.20000e+01	-1.10138e+01
1.74000e+02	1.50000e+01	-1.12705e-22
1.74000e+02	1.80000e+01	9.09205e-23
1.74000e+02	2.10000e+01	6.18130e-23
1.74000e+02	2.40000e+01	5.18272e-23
1.74000e+02	2.70000e+01	6.26877e-23
1.74000e+02	3.00000e+01	1.11736e-22
1.74000e+02	3.30000e+01	5.42101e-20
1.74000e+02	3.60000e+01	5.25967e+00
1.74000e+02	3.90000e+01	4.25415e+00
1.74000e+02	4.20000e+01	1.32671e+00
1.74000e+02	4.50000e+01	-1.89664e+00
1.74000e+02	4.80000e+01	-3.80766e+00
1.74000e+02	5.10000e+01	6.31259e-23
1.74000e+02	5.40000e+01	6.08169e-23
1.74000e+02	5.70000e+01	1.82538e-23
1.74000e+02	6.00000e+01	-5.11182e-24
1.74000e+02	6.30000e+01	-2.64100e-23
1.74000e+02	6.60000e+01	-6.40679e-23
1.74000e+02	6.90000e+01	-2.71051e-20
1.74000e+02	7.20000e+01	3.90191e+00
1.74000e+02	7.50000e+01	1.88352e+00
1.74000e+02	7.80000e+01	-1.46415e+00
1.74000e+02	8.10000e+01	-4.46200e+00
1.74000e+02	8.40000e+01	-5.48082e+00
1.74000e+02	8.70000e+01	-8.92792e-23
1.74000e+02	9.00000e+01	1.07017e-23
1.74000e+02	9.30000e+01	-8.30559e-25
1.74000e+02	9.60000e+01	1.43368e-24
1.74000e+02	9.90000e+01	2.86960e-23
1.74000e+02	1.02000e+02	1.18915e-22
1.74000e+02	1.05000e+02	1.08420e-19
1.74000e+02	1.08000e+02	1.20830e+01
1.74000e+02	1.11000e+02	1.36684e+01
1.74000e+02	1.14000e+02	1.19818e+01
1.74000e+02	1.17000e+02	8.23029e+00
1.74000e+02	1.20000e+02	0.00000e+00

1.78000e+02	0.00000e+00	0.00000e+00
1.78000e+02	3.00000e+00	-2.14148e+00
1.78000e+02	6.00000e+00	-3.33833e+00
1.78000e+02	9.00000e+00	-2.70720e+00
1.78000e+02	1.20000e+01	-1.23546e-22
1.78000e+02	1.50000e+01	5.77152e-23
1.78000e+02	1.80000e+01	1.93206e-23
1.78000e+02	2.10000e+01	4.54931e-24
1.78000e+02	2.40000e+01	5.44419e-24
1.78000e+02	2.70000e+01	1.45786e-23
1.78000e+02	3.00000e+01	2.83666e-23
1.78000e+02	3.30000e+01	3.92855e-23
1.78000e+02	3.60000e+01	8.13152e-20
1.78000e+02	3.90000e+01	5.99927e-01
1.78000e+02	4.20000e+01	2.84955e-01
1.78000e+02	4.50000e+01	-2.05645e-01
1.78000e+02	4.80000e+01	-9.09246e-25
1.78000e+02	5.10000e+01	4.71790e-23
1.78000e+02	5.40000e+01	1.35004e-23
1.78000e+02	5.70000e+01	-7.32667e-24
1.78000e+02	6.00000e+01	-1.64116e-23
1.78000e+02	6.30000e+01	-1.83104e-23
1.78000e+02	6.60000e+01	-7.60756e-24
1.78000e+02	6.90000e+01	5.56216e-23
1.78000e+02	7.20000e+01	-1.08420e-19
1.78000e+02	7.50000e+01	1.49556e-02
1.78000e+02	7.80000e+01	-5.64482e-01
1.78000e+02	8.10000e+01	-7.68722e-01
1.78000e+02	8.40000e+01	-1.07505e-22
1.78000e+02	8.70000e+01	6.91564e-24
1.78000e+02	9.00000e+01	1.13126e-23
1.78000e+02	9.30000e+01	1.28450e-23
1.78000e+02	9.60000e+01	1.80031e-23
1.78000e+02	9.90000e+01	3.23508e-23
1.78000e+02	1.02000e+02	7.08823e-23
1.78000e+02	1.05000e+02	1.78046e-22
1.78000e+02	1.08000e+02	-1.62630e-19
1.78000e+02	1.11000e+02	2.60793e+00
1.78000e+02	1.14000e+02	3.24419e+00
1.78000e+02	1.17000e+02	2.26507e+00
1.78000e+02	1.20000e+02	0.00000e+00

1.82000e+02	0.00000e+00	0.00000e+00
1.82000e+02	3.00000e+00	-1.12739e-01
1.82000e+02	6.00000e+00	-1.13390e-01
1.82000e+02	9.00000e+00	-6.17603e-02
1.82000e+02	1.20000e+01	5.05269e-22
1.82000e+02	1.50000e+01	1.18751e-23
1.82000e+02	1.80000e+01	-9.42765e-23
1.82000e+02	2.10000e+01	-8.05654e-23
1.82000e+02	2.40000e+01	-5.55868e-23
1.82000e+02	2.70000e+01	-4.18037e-23
1.82000e+02	3.00000e+01	-4.99104e-23
1.82000e+02	3.30000e+01	-8.90445e-23
1.82000e+02	3.60000e+01	1.75336e-19
1.82000e+02	3.90000e+01	-4.64262e-03
1.82000e+02	4.20000e+01	-2.68043e-04
1.82000e+02	4.50000e+01	1.49861e-04
1.82000e+02	4.80000e+01	2.89252e-22
1.82000e+02	5.10000e+01	-2.23734e-24
1.82000e+02	5.40000e+01	-5.66637e-23
1.82000e+02	5.70000e+01	-5.37820e-23
1.82000e+02	6.00000e+01	-4.04868e-23
1.82000e+02	6.30000e+01	-3.26135e-23
1.82000e+02	6.60000e+01	-4.45313e-23
1.82000e+02	6.90000e+01	-1.29338e-22
1.82000e+02	7.20000e+01	2.43945e-19
1.82000e+02	7.50000e+01	-9.89180e-01
1.82000e+02	7.80000e+01	-1.07885e+00
1.82000e+02	8.10000e+01	-5.69013e-01
1.82000e+02	8.40000e+01	3.48513e-23
1.82000e+02	8.70000e+01	2.11503e-23
1.82000e+02	9.00000e+01	1.70157e-23
1.82000e+02	9.30000e+01	2.00746e-23
1.82000e+02	9.60000e+01	1.82358e-23
1.82000e+02	9.90000e+01	-6.98758e-24
1.82000e+02	1.02000e+02	-9.91791e-23
1.82000e+02	1.05000e+02	-3.10207e-22
1.82000e+02	1.08000e+02	-1.62630e-19
1.82000e+02	1.11000e+02	-2.36220e+00
1.82000e+02	1.14000e+02	-2.88731e+00
1.82000e+02	1.17000e+02	-1.99591e+00
1.82000e+02	1.20000e+02	0.00000e+00

1.86000e+02	0.00000e+00	0.00000e+00
1.86000e+02	3.00000e+00	1.85688e+00
1.86000e+02	6.00000e+00	3.07776e+00
1.86000e+02	9.00000e+00	2.57042e+00
1.86000e+02	1.20000e+01	2.01234e-21
1.86000e+02	1.50000e+01	-7.21349e-22
1.86000e+02	1.80000e+01	-4.20963e-22
1.86000e+02	2.10000e+01	-1.85711e-22
1.86000e+02	2.40000e+01	-9.67149e-23
1.86000e+02	2.70000e+01	-5.92709e-23
1.86000e+02	3.00000e+01	-7.30274e-23
1.86000e+02	3.30000e+01	-2.74808e-22
1.86000e+02	3.60000e+01	1.35525e-19
1.86000e+02	3.90000e+01	-5.15548e-01
1.86000e+02	4.20000e+01	-1.76294e-01
1.86000e+02	4.50000e+01	2.70682e-01
1.86000e+02	4.80000e+01	1.09743e-21
1.86000e+02	5.10000e+01	-4.70989e-22
1.86000e+02	5.40000e+01	-2.28709e-22
1.86000e+02	5.70000e+01	-1.18750e-22
1.86000e+02	6.00000e+01	-5.49232e-23
1.86000e+02	6.30000e+01	-1.17322e-23
1.86000e+02	6.60000e+01	4.81242e-23
1.86000e+02	6.90000e+01	-1.23838e-24
1.86000e+02	7.20000e+01	-5.46117e+00
1.86000e+02	7.50000e+01	-4.83709e+00
1.86000e+02	7.80000e+01	-2.96367e+00
1.86000e+02	8.10000e+01	-1.17153e+00
1.86000e+02	8.40000e+01	2.10429e-22
1.86000e+02	8.70000e+01	-2.74374e-24
1.86000e+02	9.00000e+01	9.93044e-24
1.86000e+02	9.30000e+01	3.60113e-23
1.86000e+02	9.60000e+01	6.00410e-23
1.86000e+02	9.90000e+01	7.27284e-23
1.86000e+02	1.02000e+02	-5.79761e-23
1.86000e+02	1.05000e+02	-1.75961e-22
1.86000e+02	1.08000e+02	-1.14256e+01
1.86000e+02	1.11000e+02	-1.27881e+01
1.86000e+02	1.14000e+02	-1.10837e+01
1.86000e+02	1.17000e+02	-7.51379e+00
1.86000e+02	1.20000e+02	0.00000e+00

1.90000e+02	0.00000e+00	0.00000e+00
1.90000e+02	3.00000e+00	6.89078e+00
1.90000e+02	6.00000e+00	1.04754e+01
1.90000e+02	9.00000e+00	1.22674e+01
1.90000e+02	1.20000e+01	1.09903e+01
1.90000e+02	1.50000e+01	1.08449e-21
1.90000e+02	1.80000e+01	-6.31913e-22
1.90000e+02	2.10000e+01	-3.08498e-23
1.90000e+02	2.40000e+01	-4.61940e-23
1.90000e+02	2.70000e+01	1.42847e-23
1.90000e+02	3.00000e+01	2.38127e-22
1.90000e+02	3.30000e+01	-4.96315e-22
1.90000e+02	3.60000e+01	-4.70249e+00
1.90000e+02	3.90000e+01	-3.52192e+00
1.90000e+02	4.20000e+01	-7.28302e-01
1.90000e+02	4.50000e+01	2.23442e+00
1.90000e+02	4.80000e+01	3.91976e+00
1.90000e+02	5.10000e+01	3.26831e-22
1.90000e+02	5.40000e+01	-1.65541e-22
1.90000e+02	5.70000e+01	-1.01707e-22
1.90000e+02	6.00000e+01	-3.26731e-23
1.90000e+02	6.30000e+01	-2.04785e-23
1.90000e+02	6.60000e+01	-3.94866e-23
1.90000e+02	6.90000e+01	-3.25308e+00
1.90000e+02	7.20000e+01	-5.16562e+00
1.90000e+02	7.50000e+01	-4.27171e+00
1.90000e+02	7.80000e+01	-2.20890e+00
1.90000e+02	8.10000e+01	-4.46096e-01
1.90000e+02	8.40000e+01	8.94198e-22
1.90000e+02	8.70000e+01	-4.74421e-22
1.90000e+02	9.00000e+01	-2.09899e-23
1.90000e+02	9.30000e+01	5.55945e-23
1.90000e+02	9.60000e+01	1.22010e-22
1.90000e+02	9.90000e+01	4.07374e-22
1.90000e+02	1.02000e+02	-9.03065e-22
1.90000e+02	1.05000e+02	-8.52897e+00
1.90000e+02	1.08000e+02	-1.50623e+01
1.90000e+02	1.11000e+02	-1.64262e+01
1.90000e+02	1.14000e+02	-1.42830e+01
1.90000e+02	1.17000e+02	-9.49293e+00
1.90000e+02	1.20000e+02	0.00000e+00

1.94000e+02	0.00000e+00	0.00000e+00
1.94000e+02	3.00000e+00	9.30029e+00
1.94000e+02	6.00000e+00	1.40804e+01
1.94000e+02	9.00000e+00	1.65931e+01
1.94000e+02	1.20000e+01	1.62295e+01
1.94000e+02	1.50000e+01	1.14413e+01
1.94000e+02	1.80000e+01	3.89118e+00
1.94000e+02	2.10000e+01	4.34302e-22
1.94000e+02	2.40000e+01	-1.30475e-22
1.94000e+02	2.70000e+01	-2.89331e-22
1.94000e+02	3.00000e+01	-1.86993e+00
1.94000e+02	3.30000e+01	-4.91836e+00
1.94000e+02	3.60000e+01	-6.15858e+00
1.94000e+02	3.90000e+01	-4.62426e+00
1.94000e+02	4.20000e+01	-1.71708e+00
1.94000e+02	4.50000e+01	1.23938e+00
1.94000e+02	4.80000e+01	2.90768e+00
1.94000e+02	5.10000e+01	1.93643e+00
1.94000e+02	5.40000e+01	1.71907e-22
1.94000e+02	5.70000e+01	-9.39190e-23
1.94000e+02	6.00000e+01	9.06271e-23
1.94000e+02	6.30000e+01	-1.98507e-22
1.94000e+02	6.60000e+01	-1.95788e+00
1.94000e+02	6.90000e+01	-3.20602e+00
1.94000e+02	7.20000e+01	-3.20488e+00
1.94000e+02	7.50000e+01	-1.59171e+00
1.94000e+02	7.80000e+01	1.05154e+00
1.94000e+02	8.10000e+01	3.83191e+00
1.94000e+02	8.40000e+01	5.40749e+00
1.94000e+02	8.70000e+01	1.90177e+00
1.94000e+02	9.00000e+01	2.68412e-22
1.94000e+02	9.30000e+01	9.32554e-23
1.94000e+02	9.60000e+01	-3.54556e-22
1.94000e+02	9.90000e+01	-3.21935e+00
1.94000e+02	1.02000e+02	-9.48313e+00
1.94000e+02	1.05000e+02	-1.38462e+01
1.94000e+02	1.08000e+02	-1.65496e+01
1.94000e+02	1.11000e+02	-1.65221e+01
1.94000e+02	1.14000e+02	-1.38570e+01
1.94000e+02	1.17000e+02	-8.84567e+00
1.94000e+02	1.20000e+02	0.00000e+00

1.98000e+02	0.00000e+00	0.00000e+00
1.98000e+02	3.00000e+00	8.50648e+00
1.98000e+02	6.00000e+00	1.32510e+01
1.98000e+02	9.00000e+00	1.57975e+01
1.98000e+02	1.20000e+01	1.58402e+01
1.98000e+02	1.50000e+01	1.30778e+01
1.98000e+02	1.80000e+01	8.45895e+00
1.98000e+02	2.10000e+01	4.76852e+00
1.98000e+02	2.40000e+01	6.21278e-01
1.98000e+02	2.70000e+01	-2.45127e+00
1.98000e+02	3.00000e+01	-4.21717e+00
1.98000e+02	3.30000e+01	-5.81195e+00
1.98000e+02	3.60000e+01	-6.10781e+00
1.98000e+02	3.90000e+01	-4.81367e+00
1.98000e+02	4.20000e+01	-2.55332e+00
1.98000e+02	4.50000e+01	-2.07911e-01
1.98000e+02	4.80000e+01	1.36900e+00
1.98000e+02	5.10000e+01	1.65531e+00
1.98000e+02	5.40000e+01	1.07459e+00
1.98000e+02	5.70000e+01	3.82832e-02
1.98000e+02	6.00000e+01	-6.36652e-01
1.98000e+02	6.30000e+01	-1.67991e+00
1.98000e+02	6.60000e+01	-2.22482e+00
1.98000e+02	6.90000e+01	-2.15672e+00
1.98000e+02	7.20000e+01	-1.23269e+00
1.98000e+02	7.50000e+01	5.93118e-01
1.98000e+02	7.80000e+01	2.93544e+00
1.98000e+02	8.10000e+01	5.06673e+00
1.98000e+02	8.40000e+01	5.95913e+00
1.98000e+02	8.70000e+01	4.56660e+00
1.98000e+02	9.00000e+01	2.92817e+00
1.98000e+02	9.30000e+01	1.57355e-01
1.98000e+02	9.60000e+01	-3.43083e+00
1.98000e+02	9.90000e+01	-6.67652e+00
1.98000e+02	1.02000e+02	-1.07830e+01
1.98000e+02	1.05000e+02	-1.36912e+01
1.98000e+02	1.08000e+02	-1.49481e+01
1.98000e+02	1.11000e+02	-1.42062e+01
1.98000e+02	1.14000e+02	-1.14738e+01
1.98000e+02	1.17000e+02	-6.99200e+00
1.98000e+02	1.20000e+02	0.00000e+00

2.02000e+02	0.00000e+00	0.00000e+00
2.02000e+02	3.00000e+00	6.22887e+00
2.02000e+02	6.00000e+00	1.01754e+01
2.02000e+02	9.00000e+00	1.24652e+01
2.02000e+02	1.20000e+01	1.28207e+01
2.02000e+02	1.50000e+01	1.12256e+01
2.02000e+02	1.80000e+01	8.21663e+00
2.02000e+02	2.10000e+01	4.77519e+00
2.02000e+02	2.40000e+01	1.00751e+00
2.02000e+02	2.70000e+01	-2.14662e+00
2.02000e+02	3.00000e+01	-4.22922e+00
2.02000e+02	3.30000e+01	-5.45713e+00
2.02000e+02	3.60000e+01	-5.62035e+00
2.02000e+02	3.90000e+01	-4.72995e+00
2.02000e+02	4.20000e+01	-3.15731e+00
2.02000e+02	4.50000e+01	-1.45038e+00
2.02000e+02	4.80000e+01	-1.36876e-01
2.02000e+02	5.10000e+01	4.65594e-01
2.02000e+02	5.40000e+01	3.94711e-01
2.02000e+02	5.70000e+01	-1.44029e-01
2.02000e+02	6.00000e+01	-7.07771e-01
2.02000e+02	6.30000e+01	-1.23194e+00
2.02000e+02	6.60000e+01	-1.28315e+00
2.02000e+02	6.90000e+01	-7.56314e-01
2.02000e+02	7.20000e+01	3.75080e-01
2.02000e+02	7.50000e+01	1.99684e+00
2.02000e+02	7.80000e+01	3.77782e+00
2.02000e+02	8.10000e+01	5.19915e+00
2.02000e+02	8.40000e+01	5.66968e+00
2.02000e+02	8.70000e+01	4.82033e+00
2.02000e+02	9.00000e+01	3.04150e+00
2.02000e+02	9.30000e+01	2.50499e-01
2.02000e+02	9.60000e+01	-3.09497e+00
2.02000e+02	9.90000e+01	-6.23986e+00
2.02000e+02	1.02000e+02	-9.14481e+00
2.02000e+02	1.05000e+02	-1.10939e+01
2.02000e+02	1.08000e+02	-1.16970e+01
2.02000e+02	1.11000e+02	-1.07835e+01
2.02000e+02	1.14000e+02	-8.41596e+00
2.02000e+02	1.17000e+02	-4.88343e+00
2.02000e+02	1.20000e+02	0.00000e+00

2.06000e+02	0.00000e+00	0.00000e+00
2.06000e+02	3.00000e+00	3.83968e+00
2.06000e+02	6.00000e+00	6.67337e+00
2.06000e+02	9.00000e+00	8.47615e+00
2.06000e+02	1.20000e+01	8.93389e+00
2.06000e+02	1.50000e+01	8.02017e+00
2.06000e+02	1.80000e+01	6.01211e+00
2.06000e+02	2.10000e+01	3.38122e+00
2.06000e+02	2.40000e+01	5.12172e-01
2.06000e+02	2.70000e+01	-2.03780e+00
2.06000e+02	3.00000e+01	-3.88902e+00
2.06000e+02	3.30000e+01	-4.94914e+00
2.06000e+02	3.60000e+01	-5.16921e+00
2.06000e+02	3.90000e+01	-4.63151e+00
2.06000e+02	4.20000e+01	-3.58353e+00
2.06000e+02	4.50000e+01	-2.36742e+00
2.06000e+02	4.80000e+01	-1.31276e+00
2.06000e+02	5.10000e+01	-6.33548e-01
2.06000e+02	5.40000e+01	-3.67680e-01
2.06000e+02	5.70000e+01	-4.05898e-01
2.06000e+02	6.00000e+01	-5.21533e-01
2.06000e+02	6.30000e+01	-5.36367e-01
2.06000e+02	6.60000e+01	-2.34111e-01
2.06000e+02	6.90000e+01	4.68769e-01
2.06000e+02	7.20000e+01	1.54703e+00
2.06000e+02	7.50000e+01	2.86141e+00
2.06000e+02	7.80000e+01	4.15216e+00
2.06000e+02	8.10000e+01	5.07479e+00
2.06000e+02	8.40000e+01	5.28942e+00
2.06000e+02	8.70000e+01	4.60275e+00
2.06000e+02	9.00000e+01	3.08066e+00
2.06000e+02	9.30000e+01	8.43342e-01
2.06000e+02	9.60000e+01	-1.75721e+00
2.06000e+02	9.90000e+01	-4.25711e+00
2.06000e+02	1.02000e+02	-6.35486e+00
2.06000e+02	1.05000e+02	-7.68317e+00
2.06000e+02	1.08000e+02	-7.99861e+00
2.06000e+02	1.11000e+02	-7.22179e+00
2.06000e+02	1.14000e+02	-5.45545e+00
2.06000e+02	1.17000e+02	-2.99835e+00
2.06000e+02	1.20000e+02	0.00000e+00

2.10000e+02	0.00000e+00	0.00000e+00
2.10000e+02	3.00000e+00	1.91365e+00
2.10000e+02	6.00000e+00	3.62974e+00
2.10000e+02	9.00000e+00	4.81928e+00
2.10000e+02	1.20000e+01	5.17518e+00
2.10000e+02	1.50000e+01	4.62338e+00
2.10000e+02	1.80000e+01	3.29362e+00
2.10000e+02	2.10000e+01	1.45473e+00
2.10000e+02	2.40000e+01	-5.76174e-01
2.10000e+02	2.70000e+01	-2.44276e+00
2.10000e+02	3.00000e+01	-3.86772e+00
2.10000e+02	3.30000e+01	-4.71283e+00
2.10000e+02	3.60000e+01	-4.94018e+00
2.10000e+02	3.90000e+01	-4.61448e+00
2.10000e+02	4.20000e+01	-3.89507e+00
2.10000e+02	4.50000e+01	-2.99474e+00
2.10000e+02	4.80000e+01	-2.11997e+00
2.10000e+02	5.10000e+01	-1.41393e+00
2.10000e+02	5.40000e+01	-9.22563e-01
2.10000e+02	5.70000e+01	-5.96910e-01
2.10000e+02	6.00000e+01	-3.19654e-01
2.10000e+02	6.30000e+01	3.50360e-02
2.10000e+02	6.60000e+01	5.80409e-01
2.10000e+02	6.90000e+01	1.36085e+00
2.10000e+02	7.20000e+01	2.34011e+00
2.10000e+02	7.50000e+01	3.40167e+00
2.10000e+02	7.80000e+01	4.36018e+00
2.10000e+02	8.10000e+01	4.99451e+00
2.10000e+02	8.40000e+01	5.10453e+00
2.10000e+02	8.70000e+01	4.57939e+00
2.10000e+02	9.00000e+01	3.43969e+00
2.10000e+02	9.30000e+01	1.81108e+00
2.10000e+02	9.60000e+01	-6.12117e-02
2.10000e+02	9.90000e+01	-1.87439e+00
2.10000e+02	1.02000e+02	-3.36274e+00
2.10000e+02	1.05000e+02	-4.29410e+00
2.10000e+02	1.08000e+02	-4.52466e+00
2.10000e+02	1.11000e+02	-4.03211e+00
2.10000e+02	1.14000e+02	-2.93279e+00
2.10000e+02	1.17000e+02	-1.49094e+00
2.10000e+02	1.20000e+02	0.00000e+00

2.14000e+02	0.00000e+00	0.00000e+00
2.14000e+02	3.00000e+00	5.24702e-01
2.14000e+02	6.00000e+00	1.27992e+00
2.14000e+02	9.00000e+00	1.85468e+00
2.14000e+02	1.20000e+01	1.99195e+00
2.14000e+02	1.50000e+01	1.59287e+00
2.14000e+02	1.80000e+01	7.00820e-01
2.14000e+02	2.10000e+01	-5.34442e-01
2.14000e+02	2.40000e+01	-1.90413e+00
2.14000e+02	2.70000e+01	-3.18022e+00
2.14000e+02	3.00000e+01	-4.17232e+00
2.14000e+02	3.30000e+01	-4.76460e+00
2.14000e+02	3.60000e+01	-4.91899e+00
2.14000e+02	3.90000e+01	-4.67159e+00
2.14000e+02	4.20000e+01	-4.11917e+00
2.14000e+02	4.50000e+01	-3.39213e+00
2.14000e+02	4.80000e+01	-2.61944e+00
2.14000e+02	5.10000e+01	-1.89599e+00
2.14000e+02	5.40000e+01	-1.26241e+00
2.14000e+02	5.70000e+01	-7.03346e-01
2.14000e+02	6.00000e+01	-1.62805e-01
2.14000e+02	6.30000e+01	4.27262e-01
2.14000e+02	6.60000e+01	1.12192e+00
2.14000e+02	6.90000e+01	1.93662e+00
2.14000e+02	7.20000e+01	2.83551e+00
2.14000e+02	7.50000e+01	3.73213e+00
2.14000e+02	7.80000e+01	4.50143e+00
2.14000e+02	8.10000e+01	5.00418e+00
2.14000e+02	8.40000e+01	5.12152e+00
2.14000e+02	8.70000e+01	4.79094e+00
2.14000e+02	9.00000e+01	4.02879e+00
2.14000e+02	9.30000e+01	2.92955e+00
2.14000e+02	9.60000e+01	1.65663e+00
2.14000e+02	9.90000e+01	4.07310e-01
2.14000e+02	1.02000e+02	-6.33017e-01
2.14000e+02	1.05000e+02	-1.31770e+00
2.14000e+02	1.08000e+02	-1.56889e+00
2.14000e+02	1.11000e+02	-1.39902e+00
2.14000e+02	1.14000e+02	-9.20517e-01
2.14000e+02	1.17000e+02	-3.43675e-01
2.14000e+02	1.20000e+02	0.00000e+00

2.18000e+02	0.00000e+00	0.00000e+00
2.18000e+02	3.00000e+00	-4.42702e-01
2.18000e+02	6.00000e+00	-4.34511e-01
2.18000e+02	9.00000e+00	-3.81500e-01
2.18000e+02	1.20000e+01	-4.82212e-01
2.18000e+02	1.50000e+01	-8.41100e-01
2.18000e+02	1.80000e+01	-1.46519e+00
2.18000e+02	2.10000e+01	-2.28173e+00
2.18000e+02	2.40000e+01	-3.16771e+00
2.18000e+02	2.70000e+01	-3.98274e+00
2.18000e+02	3.00000e+01	-4.60319e+00
2.18000e+02	3.30000e+01	-4.94673e+00
2.18000e+02	3.60000e+01	-4.98156e+00
2.18000e+02	3.90000e+01	-4.72523e+00
2.18000e+02	4.20000e+01	-4.23474e+00
2.18000e+02	4.50000e+01	-3.58933e+00
2.18000e+02	4.80000e+01	-2.86956e+00
2.18000e+02	5.10000e+01	-2.13825e+00
2.18000e+02	5.40000e+01	-1.42846e+00
2.18000e+02	5.70000e+01	-7.41579e-01
2.18000e+02	6.00000e+01	-5.54811e-02
2.18000e+02	6.30000e+01	6.60235e-01
2.18000e+02	6.60000e+01	1.42780e+00
2.18000e+02	6.90000e+01	2.24661e+00
2.18000e+02	7.20000e+01	3.08559e+00
2.18000e+02	7.50000e+01	3.88390e+00
2.18000e+02	7.80000e+01	4.55962e+00
2.18000e+02	8.10000e+01	5.02582e+00
2.18000e+02	8.40000e+01	5.21113e+00
2.18000e+02	8.70000e+01	5.07983e+00
2.18000e+02	9.00000e+01	4.64478e+00
2.18000e+02	9.30000e+01	3.96886e+00
2.18000e+02	9.60000e+01	3.15606e+00
2.18000e+02	9.90000e+01	2.33047e+00
2.18000e+02	1.02000e+02	1.60934e+00
2.18000e+02	1.05000e+02	1.07889e+00
2.18000e+02	1.08000e+02	7.72718e-01
2.18000e+02	1.11000e+02	6.57117e-01
2.18000e+02	1.14000e+02	6.27637e-01
2.18000e+02	1.17000e+02	5.21600e-01
2.18000e+02	1.20000e+02	0.00000e+00

2.22000e+02	0.00000e+00	0.00000e+00
2.22000e+02	3.00000e+00	-1.12480e+00
2.22000e+02	6.00000e+00	-1.63643e+00
2.22000e+02	9.00000e+00	-1.95051e+00
2.22000e+02	1.20000e+01	-2.22990e+00
2.22000e+02	1.50000e+01	-2.58013e+00
2.22000e+02	1.80000e+01	-3.03563e+00
2.22000e+02	2.10000e+01	-3.56959e+00
2.22000e+02	2.40000e+01	-4.11516e+00
2.22000e+02	2.70000e+01	-4.58976e+00
2.22000e+02	3.00000e+01	-4.91781e+00
2.22000e+02	3.30000e+01	-5.04700e+00
2.22000e+02	3.60000e+01	-4.95606e+00
2.22000e+02	3.90000e+01	-4.65466e+00
2.22000e+02	4.20000e+01	-4.17728e+00
2.22000e+02	4.50000e+01	-3.57266e+00
2.22000e+02	4.80000e+01	-2.89149e+00
2.22000e+02	5.10000e+01	-2.17538e+00
2.22000e+02	5.40000e+01	-1.44986e+00
2.22000e+02	5.70000e+01	-7.22964e-01
2.22000e+02	6.00000e+01	1.04959e-02
2.22000e+02	6.30000e+01	7.60713e-01
2.22000e+02	6.60000e+01	1.53337e+00
2.22000e+02	6.90000e+01	2.32139e+00
2.22000e+02	7.20000e+01	3.10047e+00
2.22000e+02	7.50000e+01	3.82946e+00
2.22000e+02	7.80000e+01	4.45580e+00
2.22000e+02	8.10000e+01	4.92514e+00
2.22000e+02	8.40000e+01	5.19324e+00
2.22000e+02	8.70000e+01	5.23743e+00
2.22000e+02	9.00000e+01	5.06413e+00
2.22000e+02	9.30000e+01	4.71019e+00
2.22000e+02	9.60000e+01	4.23731e+00
2.22000e+02	9.90000e+01	3.71963e+00
2.22000e+02	1.02000e+02	3.22682e+00
2.22000e+02	1.05000e+02	2.80589e+00
2.22000e+02	1.08000e+02	2.46375e+00
2.22000e+02	1.11000e+02	2.15404e+00
2.22000e+02	1.14000e+02	1.77416e+00
2.22000e+02	1.17000e+02	1.18230e+00
2.22000e+02	1.20000e+02	0.00000e+00

2.26000e+02	0.00000e+00	0.00000e+00
2.26000e+02	3.00000e+00	-1.59706e+00
2.26000e+02	6.00000e+00	-2.38640e+00
2.26000e+02	9.00000e+00	-2.87017e+00
2.26000e+02	1.20000e+01	-3.21696e+00
2.26000e+02	1.50000e+01	-3.53544e+00
2.26000e+02	1.80000e+01	-3.86875e+00
2.26000e+02	2.10000e+01	-4.20979e+00
2.26000e+02	2.40000e+01	-4.52175e+00
2.26000e+02	2.70000e+01	-4.75720e+00
2.26000e+02	3.00000e+01	-4.87325e+00
2.26000e+02	3.30000e+01	-4.84142e+00
2.26000e+02	3.60000e+01	-4.65203e+00
2.26000e+02	3.90000e+01	-4.31371e+00
2.26000e+02	4.20000e+01	-3.84940e+00
2.26000e+02	4.50000e+01	-3.29002e+00
2.26000e+02	4.80000e+01	-2.66758e+00
2.26000e+02	5.10000e+01	-2.00911e+00
2.26000e+02	5.40000e+01	-1.33297e+00
2.26000e+02	5.70000e+01	-6.48022e-01
2.26000e+02	6.00000e+01	4.41041e-02
2.26000e+02	6.30000e+01	7.44739e-01
2.26000e+02	6.60000e+01	1.45305e+00
2.26000e+02	6.90000e+01	2.16154e+00
2.26000e+02	7.20000e+01	2.85350e+00
2.26000e+02	7.50000e+01	3.50296e+00
2.26000e+02	7.80000e+01	4.07747e+00
2.26000e+02	8.10000e+01	4.54317e+00
2.26000e+02	8.40000e+01	4.87128e+00
2.26000e+02	8.70000e+01	5.04440e+00
2.26000e+02	9.00000e+01	5.06116e+00
2.26000e+02	9.30000e+01	4.93789e+00
2.26000e+02	9.60000e+01	4.70641e+00
2.26000e+02	9.90000e+01	4.40785e+00
2.26000e+02	1.02000e+02	4.08282e+00
2.26000e+02	1.05000e+02	3.75838e+00
2.26000e+02	1.08000e+02	3.43234e+00
2.26000e+02	1.11000e+02	3.05628e+00
2.26000e+02	1.14000e+02	2.52240e+00
2.26000e+02	1.17000e+02	1.66921e+00
2.26000e+02	1.20000e+02	0.00000e+00

2.30000e+02	0.00000e+00	0.00000e+00
2.30000e+02	3.00000e+00	-1.81858e+00
2.30000e+02	6.00000e+00	-2.60116e+00
2.30000e+02	9.00000e+00	-3.03133e+00
2.30000e+02	1.20000e+01	-3.31853e+00
2.30000e+02	1.50000e+01	-3.56325e+00
2.30000e+02	1.80000e+01	-3.79425e+00
2.30000e+02	2.10000e+01	-4.00166e+00
2.30000e+02	2.40000e+01	-4.15967e+00
2.30000e+02	2.70000e+01	-4.24087e+00
2.30000e+02	3.00000e+01	-4.22444e+00
2.30000e+02	3.30000e+01	-4.10005e+00
2.30000e+02	3.60000e+01	-3.86848e+00
2.30000e+02	3.90000e+01	-3.53999e+00
2.30000e+02	4.20000e+01	-3.13129e+00
2.30000e+02	4.50000e+01	-2.66207e+00
2.30000e+02	4.80000e+01	-2.15151e+00
2.30000e+02	5.10000e+01	-1.61569e+00
2.30000e+02	5.40000e+01	-1.06602e+00
2.30000e+02	5.70000e+01	-5.09095e-01
2.30000e+02	6.00000e+01	5.21665e-02
2.30000e+02	6.30000e+01	6.16547e-01
2.30000e+02	6.60000e+01	1.18214e+00
2.30000e+02	6.90000e+01	1.74416e+00
2.30000e+02	7.20000e+01	2.29353e+00
2.30000e+02	7.50000e+01	2.81640e+00
2.30000e+02	7.80000e+01	3.29500e+00
2.30000e+02	8.10000e+01	3.70953e+00
2.30000e+02	8.40000e+01	4.04093e+00
2.30000e+02	8.70000e+01	4.27412e+00
2.30000e+02	9.00000e+01	4.40084e+00
2.30000e+02	9.30000e+01	4.42192e+00
2.30000e+02	9.60000e+01	4.34796e+00
2.30000e+02	9.90000e+01	4.19826e+00
2.30000e+02	1.02000e+02	3.99715e+00
2.30000e+02	1.05000e+02	3.76661e+00
2.30000e+02	1.08000e+02	3.51325e+00
2.30000e+02	1.11000e+02	3.20625e+00
2.30000e+02	1.14000e+02	2.74344e+00
2.30000e+02	1.17000e+02	1.91080e+00
2.30000e+02	1.20000e+02	0.00000e+00

2.34000e+02	0.00000e+00	0.00000e+00
2.34000e+02	3.00000e+00	-1.53458e+00
2.34000e+02	6.00000e+00	-1.97816e+00
2.34000e+02	9.00000e+00	-2.16920e+00
2.34000e+02	1.20000e+01	-2.31275e+00
2.34000e+02	1.50000e+01	-2.45652e+00
2.34000e+02	1.80000e+01	-2.59402e+00
2.34000e+02	2.10000e+01	-2.70415e+00
2.34000e+02	2.40000e+01	-2.76692e+00
2.34000e+02	2.70000e+01	-2.76909e+00
2.34000e+02	3.00000e+01	-2.70543e+00
2.34000e+02	3.30000e+01	-2.57769e+00
2.34000e+02	3.60000e+01	-2.39273e+00
2.34000e+02	3.90000e+01	-2.16029e+00
2.34000e+02	4.20000e+01	-1.89114e+00
2.34000e+02	4.50000e+01	-1.59552e+00
2.34000e+02	4.80000e+01	-1.28223e+00
2.34000e+02	5.10000e+01	-9.58171e-01
2.34000e+02	5.40000e+01	-6.28219e-01
2.34000e+02	5.70000e+01	-2.95501e-01
2.34000e+02	6.00000e+01	3.81833e-02
2.34000e+02	6.30000e+01	3.71797e-01
2.34000e+02	6.60000e+01	7.04427e-01
2.34000e+02	6.90000e+01	1.03462e+00
2.34000e+02	7.20000e+01	1.35972e+00
2.34000e+02	7.50000e+01	1.67533e+00
2.34000e+02	7.80000e+01	1.97494e+00
2.34000e+02	8.10000e+01	2.24989e+00
2.34000e+02	8.40000e+01	2.48976e+00
2.34000e+02	8.70000e+01	2.68338e+00
2.34000e+02	9.00000e+01	2.82034e+00
2.34000e+02	9.30000e+01	2.89295e+00
2.34000e+02	9.60000e+01	2.89848e+00
2.34000e+02	9.90000e+01	2.84116e+00
2.34000e+02	1.02000e+02	2.73336e+00
2.34000e+02	1.05000e+02	2.59459e+00
2.34000e+02	1.08000e+02	2.44605e+00
2.34000e+02	1.11000e+02	2.29466e+00
2.34000e+02	1.14000e+02	2.09146e+00
2.34000e+02	1.17000e+02	1.62157e+00
2.34000e+02	1.20000e+02	0.00000e+00

2.38000e+02	0.00000e+00	0.00000e+00
2.38000e+02	3.00000e+00	-2.54630e-04
2.38000e+02	6.00000e+00	-1.87790e-04
2.38000e+02	9.00000e+00	-1.35557e-04
2.38000e+02	1.20000e+01	-9.53933e-05
2.38000e+02	1.50000e+01	-6.31329e-05
2.38000e+02	1.80000e+01	-3.59248e-05
2.38000e+02	2.10000e+01	-1.21442e-05
2.38000e+02	2.40000e+01	8.86143e-06
2.38000e+02	2.70000e+01	2.70768e-05
2.38000e+02	3.00000e+01	4.21224e-05
2.38000e+02	3.30000e+01	5.35199e-05
2.38000e+02	3.60000e+01	6.08924e-05
2.38000e+02	3.90000e+01	6.40847e-05
2.38000e+02	4.20000e+01	6.32037e-05
2.38000e+02	4.50000e+01	5.85949e-05
2.38000e+02	4.80000e+01	5.07782e-05
2.38000e+02	5.10000e+01	4.03700e-05
2.38000e+02	5.40000e+01	2.80182e-05
2.38000e+02	5.70000e+01	1.43646e-05
2.38000e+02	6.00000e+01	3.90208e-08
2.38000e+02	6.30000e+01	-1.43201e-05
2.38000e+02	6.60000e+01	-2.80375e-05
2.38000e+02	6.90000e+01	-4.03814e-05
2.38000e+02	7.20000e+01	-5.05713e-05
2.38000e+02	7.50000e+01	-5.78189e-05
2.38000e+02	7.80000e+01	-6.14016e-05
2.38000e+02	8.10000e+01	-6.07540e-05
2.38000e+02	8.40000e+01	-5.55536e-05
2.38000e+02	8.70000e+01	-4.57755e-05
2.38000e+02	9.00000e+01	-3.16910e-05
2.38000e+02	9.30000e+01	-1.37922e-05
2.38000e+02	9.60000e+01	7.35947e-06
2.38000e+02	9.90000e+01	3.13531e-05
2.38000e+02	1.02000e+02	5.81955e-05
2.38000e+02	1.05000e+02	8.85996e-05
2.38000e+02	1.08000e+02	1.24262e-04
2.38000e+02	1.11000e+02	1.68074e-04
2.38000e+02	1.14000e+02	2.24115e-04
2.38000e+02	1.17000e+02	2.94176e-04
2.38000e+02	1.20000e+02	0.00000e+00

2.40000e+02	0.00000e+00	0.00000e+00
2.40000e+02	3.00000e+00	-2.54630e-04
2.40000e+02	6.00000e+00	-1.87790e-04
2.40000e+02	9.00000e+00	-1.35557e-04
2.40000e+02	1.20000e+01	-9.53933e-05
2.40000e+02	1.50000e+01	-6.31329e-05
2.40000e+02	1.80000e+01	-3.59248e-05
2.40000e+02	2.10000e+01	-1.21442e-05
2.40000e+02	2.40000e+01	8.86143e-06
2.40000e+02	2.70000e+01	2.70768e-05
2.40000e+02	3.00000e+01	4.21224e-05
2.40000e+02	3.30000e+01	5.35199e-05
2.40000e+02	3.60000e+01	6.08924e-05
2.40000e+02	3.90000e+01	6.40847e-05
2.40000e+02	4.20000e+01	6.32037e-05
2.40000e+02	4.50000e+01	5.85949e-05
2.40000e+02	4.80000e+01	5.07782e-05
2.40000e+02	5.10000e+01	4.03700e-05
2.40000e+02	5.40000e+01	2.80182e-05
2.40000e+02	5.70000e+01	1.43646e-05
2.40000e+02	6.00000e+01	3.90208e-08
2.40000e+02	6.30000e+01	-1.43201e-05
2.40000e+02	6.60000e+01	-2.80375e-05
2.40000e+02	6.90000e+01	-4.03814e-05
2.40000e+02	7.20000e+01	-5.05713e-05
2.40000e+02	7.50000e+01	-5.78189e-05
2.40000e+02	7.80000e+01	-6.14016e-05
2.40000e+02	8.10000e+01	-6.07540e-05
2.40000e+02	8.40000e+01	-5.55536e-05
2.40000e+02	8.70000e+01	-4.57755e-05
2.40000e+02	9.00000e+01	-3.16910e-05
2.40000e+02	9.30000e+01	-1.37922e-05
2.40000e+02	9.60000e+01	7.35947e-06
2.40000e+02	9.90000e+01	3.13531e-05
2.40000e+02	1.02000e+02	5.81955e-05
2.40000e+02	1.05000e+02	8.85996e-05
2.40000e+02	1.08000e+02	1.24262e-04
2.40000e+02	1.11000e+02	1.68074e-04
2.40000e+02	1.14000e+02	2.24115e-04
2.40000e+02	1.17000e+02	2.94176e-04
2.40000e+02	1.20000e+02	0.00000e+00

